-22519.631145 5380.532500 6.000000 3753.271858 
-22514.138731 5336.725000 6.000000 3752.356455 
-22530.366798 5354.477500 6.000000 3755.061133 
-22523.885756 5346.580000 6.000000 3753.980959 
-22513.732097 5356.637500 6.000000 3752.288683 
-22526.265083 5349.685000 6.000000 3754.377514 
-22500.729943 5420.965000 6.000000 3750.121657 
-22526.251026 5311.075000 6.000000 3754.375171 
-22549.911496 5341.855000 6.000000 3758.318583 
-22545.870134 5328.625000 6.000000 3757.645022 
-22511.055702 5374.727500 6.000000 3751.842617 
-22501.178332 5402.200000 6.000000 3750.196389 
-22511.429205 5347.660000 6.000000 3751.904867 
-22516.890804 5335.037500 6.000000 3752.815134 
-22501.689830 5410.097500 6.000000 3750.281638 
-22530.398132 5295.820000 6.000000 3755.066355 
-22506.122887 5398.690000 6.000000 3751.020481 
-22498.554014 5441.350000 6.000000 3749.759002 
-22515.880620 5317.622500 6.000000 3752.646770 
-22506.302326 5375.335000 6.000000 3751.050388 
-22523.001184 5311.885000 6.000000 3753.833531 
-22526.924054 5341.652500 6.000000 3754.487342 
-22552.373396 5330.110000 6.000000 3758.728899 
-22517.231996 5367.437500 6.000000 3752.871999 
-22518.456084 5316.542500 6.000000 3753.076014 
-22515.665882 5328.017500 6.000000 3752.610980 
-22528.859048 5340.505000 6.000000 3754.809841 
-22533.685287 5317.622500 6.000000 3755.614214 
-22526.324009 5319.107500 6.000000 3754.387335 
-22530.812968 5369.935000 6.000000 3755.135495 
-22540.000292 5316.542500 6.000000 3756.666715 
-22503.007326 5399.365000 6.000000 3750.501221 
-25610.637198 5430.887500 7.000000 3658.662457 
-22524.348277 5353.262500 6.000000 3754.058046 
-22514.475396 5328.895000 6.000000 3752.412566 
-22504.857702 5377.360000 6.000000 3750.809617 
-22500.641459 5410.502500 6.000000 3750.106910 
-22533.119007 5277.190000 6.000000 3755.519835 
-22510.514327 5362.645000 6.000000 3751.752388 
-25602.934150 5453.230000 7.000000 3657.562021 
-22520.263391 5346.242500 6.000000 3753.377232 
-22507.466138 5361.497500 6.000000 3751.244356 
-25608.920573 5433.992500 7.000000 3658.417225 
-22543.106840 5320.457500 6.000000 3757.184473 
-22508.634498 5359.067500 6.000000 3751.439083 
-22524.571836 5392.682500 6.000000 3754.095306 
-22531.424561 5318.432500 6.000000 3755.237427 
-22514.290359 5329.705000 6.000000 3752.381727 
-22527.429093 5329.907500 6.000000 3754.571515 
-22510.063318 5349.280000 6.000000 3751.677220 
-22549.056111 5286.437500 6.000000 3758.176018 
-22515.255514 5318.162500 6.000000 3752.542586 
-25628.197437 5409.355000 7.000000 3661.171062 
-22500.809661 5409.355000 6.000000 3750.134943 
-25636.143526 5388.362500 7.000000 3662.306218 
-25626.077501 5427.850000 7.000000 3660.868214 
-22524.404248 5325.385000 6.000000 3754.067375 
-22519.483280 5366.155000 6.000000 3753.247213 
-22530.085913 5298.992500 6.000000 3755.014319 
-22512.534951 5349.212500 6.000000 3752.089158 
-22516.065310 5325.587500 6.000000 3752.677552 
-22535.342398 5310.265000 6.000000 3755.890400 
-22532.683653 5399.027500 6.000000 3755.447275 
-22521.184284 5362.915000 6.000000 3753.530714 
-22517.024767 5321.672500 6.000000 3752.837461 
-25626.835336 5379.790000 7.000000 3660.976477 
-22517.203513 5395.922500 6.000000 3752.867252 
-22509.350872 5387.012500 6.000000 3751.558479 
-22502.280857 5393.155000 6.000000 3750.380143 
-22509.323384 5348.740000 6.000000 3751.553897 
-22536.204803 5323.562500 6.000000 3756.034134 
-22531.874946 5290.825000 6.000000 3755.312491 
-22514.555331 5332.945000 6.000000 3752.425888 
-22518.482066 5349.010000 6.000000 3753.080344 
-22525.862476 5355.760000 6.000000 3754.310413 
-22508.079896 5384.785000 6.000000 3751.346649 
-22501.725374 5406.452500 6.000000 3750.287562 
-22515.975002 5324.507500 6.000000 3752.662500 
-22503.167983 5401.795000 6.000000 3750.527997 
-22513.644721 5345.297500 6.000000 3752.274120 
-22519.461202 5321.132500 6.000000 3753.243534 
-22518.135177 5318.162500 6.000000 3753.022529 
-22516.174846 5391.062500 6.000000 3752.695808 
-22513.140398 5343.137500 6.000000 3752.190066 
-22512.155851 5354.410000 6.000000 3752.025975 
-22526.115227 5307.362500 6.000000 3754.352538 
-22551.729358 5284.210000 6.000000 3758.621560 
-22525.766528 5324.642500 6.000000 3754.294421 
-22532.962069 5360.755000 6.000000 3755.493678 
-22540.808194 5321.200000 6.000000 3756.801366 
-25639.472230 5441.957500 7.000000 3662.781747 
-22511.167068 5371.285000 6.000000 3751.861178 
-22512.696428 5333.417500 6.000000 3752.116071 
-22533.828242 5397.340000 6.000000 3755.638040 
-22555.483887 5286.235000 6.000000 3759.247315 
-22526.524806 5368.787500 6.000000 3754.420801 
-22542.240351 5339.627500 6.000000 3757.040059 
-22515.445282 5329.637500 6.000000 3752.574214 
-22543.915473 5299.937500 6.000000 3757.319245 
-22512.839316 5341.180000 6.000000 3752.139886 
-22520.776800 5332.000000 6.000000 3753.462800 
-22502.500279 5431.562500 6.000000 3750.416713 
-22515.833474 5319.850000 6.000000 3752.638912 
-22539.391678 5323.427500 6.000000 3756.565280 
-22539.725012 5324.642500 6.000000 3756.620835 
-22536.088285 5331.527500 6.000000 3756.014714 
-22512.224553 5388.700000 6.000000 3752.037425 
-22505.915428 5381.815000 6.000000 3750.985905 
-22519.496154 5318.702500 6.000000 3753.249359 
-25639.230427 5387.350000 7.000000 3662.747204 
-22540.733779 5319.917500 6.000000 3756.788963 
-22524.883864 5338.750000 6.000000 3754.147311 
-25629.952672 5404.630000 7.000000 3661.421810 
-22530.181393 5356.502500 6.000000 3755.030232 
-22532.781097 5317.420000 6.000000 3755.463516 
-22543.543923 5300.815000 6.000000 3757.257320 
-22506.940058 5379.182500 6.000000 3751.156676 
-22526.265131 5353.330000 6.000000 3754.377522 
-22505.907602 5375.740000 6.000000 3750.984600 
-22510.638459 5376.482500 6.000000 3751.773076 
-22533.938490 5313.572500 6.000000 3755.656415 
-22513.289886 5363.725000 6.000000 3752.214981 
-22523.632490 5338.007500 6.000000 3753.938748 
-22516.754095 5325.385000 6.000000 3752.792349 
-25628.233879 5404.022500 7.000000 3661.176268 
-22497.655521 5459.102500 6.000000 3749.609253 
-22516.582688 5309.320000 6.000000 3752.763781 
-22526.539240 5301.017500 6.000000 3754.423207 
-22530.950685 5306.282500 6.000000 3755.158448 
-22507.623989 5371.420000 6.000000 3751.270665 
-22526.039797 5290.082500 6.000000 3754.339966 
-22511.191543 5351.980000 6.000000 3751.865257 
-25613.115981 5428.795000 7.000000 3659.016569 
-22521.671028 5348.807500 6.000000 3753.611838 
-22525.448227 5348.267500 6.000000 3754.241371 
-22522.205910 5279.417500 6.000000 3753.700985 
-22530.136480 5406.790000 6.000000 3755.022747 
-22499.720875 5416.982500 6.000000 3749.953479 
-22567.735891 5314.652500 6.000000 3761.289315 
-22538.830098 5299.870000 6.000000 3756.471683 
-22511.552161 5377.967500 6.000000 3751.925360 
-22527.347735 5319.377500 6.000000 3754.557956 
-22503.161944 5402.470000 6.000000 3750.526991 
-22511.714338 5349.212500 6.000000 3751.952390 
-22503.890403 5403.482500 6.000000 3750.648400 
-22507.626622 5356.840000 6.000000 3751.271104 
-22507.284341 5381.477500 6.000000 3751.214057 
-22530.833527 5377.832500 6.000000 3755.138921 
-22528.131821 5331.122500 6.000000 3754.688637 
-22513.688951 5345.500000 6.000000 3752.281492 
-22501.859313 5398.285000 6.000000 3750.309886 
-22513.522383 5368.922500 6.000000 3752.253731 
-22522.845641 5360.147500 6.000000 3753.807607 
-22524.096638 5330.987500 6.000000 3754.016106 
-22503.748630 5406.587500 6.000000 3750.624772 
-22525.599508 5351.912500 6.000000 3754.266585 
-22505.321607 5391.130000 6.000000 3750.886934 
-22522.075505 5328.422500 6.000000 3753.679251 
-22511.223233 5398.622500 6.000000 3751.870539 
-22554.277366 5315.125000 6.000000 3759.046228 
-22507.326099 5372.365000 6.000000 3751.221017 
-22537.943406 5359.675000 6.000000 3756.323901 
-22512.572119 5361.227500 6.000000 3752.095353 
-22500.427788 5432.440000 6.000000 3750.071298 
-22508.270495 5404.427500 6.000000 3751.378416 
-22510.707556 5347.525000 6.000000 3751.784593 
-22505.623269 5382.557500 6.000000 3750.937212 
-22516.821185 5393.087500 6.000000 3752.803531 
-22549.757436 5308.240000 6.000000 3758.292906 
-22499.871157 5419.885000 6.000000 3749.978526 
-22531.480587 5332.405000 6.000000 3755.246764 
-25624.178931 5409.962500 7.000000 3660.596990 
-22505.573979 5384.717500 6.000000 3750.928996 
-22524.762088 5321.470000 6.000000 3754.127015 
-22523.314842 5361.295000 6.000000 3753.885807 
-22530.397614 5315.260000 6.000000 3755.066269 
-25649.586364 5441.552500 7.000000 3664.226623 
-25608.249057 5445.332500 7.000000 3658.321294 
-22514.382102 5341.652500 6.000000 3752.397017 
-22544.926426 5292.175000 6.000000 3757.487738 
-22532.115813 5320.930000 6.000000 3755.352635 
-22519.767085 5368.247500 6.000000 3753.294514 
-22528.210483 5319.512500 6.000000 3754.701747 
-22528.088059 5359.270000 6.000000 3754.681343 
-22517.352955 5305.945000 6.000000 3752.892159 
-22506.473883 5371.285000 6.000000 3751.078981 
-22524.592590 5353.397500 6.000000 3754.098765 
-22515.514850 5342.260000 6.000000 3752.585808 
-22530.814357 5306.215000 6.000000 3755.135726 
-22514.620096 5329.772500 6.000000 3752.436683 
-22506.196830 5409.017500 6.000000 3751.032805 
-22526.257074 5301.962500 6.000000 3754.376179 
-22527.050768 5372.162500 6.000000 3754.508461 
-22525.076913 5334.362500 6.000000 3754.179485 
-22545.164166 5284.412500 6.000000 3757.527361 
-22516.193035 5326.262500 6.000000 3752.698839 
-22509.506754 5393.357500 6.000000 3751.584459 
-22522.263946 5349.145000 6.000000 3753.710658 
-22536.714172 5288.462500 6.000000 3756.119029 
-22501.599243 5405.102500 6.000000 3750.266540 
-22531.714927 5297.372500 6.000000 3755.285821 
-22512.983958 5330.920000 6.000000 3752.163993 
-22516.273796 5324.642500 6.000000 3752.712299 
-22509.051629 5394.032500 6.000000 3751.508605 
-22548.225325 5339.695000 6.000000 3758.037554 
-22501.776681 5406.992500 6.000000 3750.296113 
-22527.239854 5345.567500 6.000000 3754.539976 
-22525.405554 5319.715000 6.000000 3754.234259 
-22520.273449 5351.912500 6.000000 3753.378908 
-22526.021164 5290.082500 6.000000 3754.336861 
-22502.648953 5391.670000 6.000000 3750.441492 
-22548.792579 5320.795000 6.000000 3758.132097 
-22525.996775 5346.040000 6.000000 3754.332796 
-22514.370400 5378.710000 6.000000 3752.395067 
-22525.921128 5326.735000 6.000000 3754.320188 
-25627.199201 5418.130000 7.000000 3661.028457 
-22522.461624 5318.905000 6.000000 3753.743604 
-22526.198168 5381.815000 6.000000 3754.366361 
-22526.379254 5327.207500 6.000000 3754.396542 
-22519.993253 5296.225000 6.000000 3753.332209 
-22515.023588 5341.450000 6.000000 3752.503931 
-22522.882233 5322.685000 6.000000 3753.813706 
-22512.300495 5342.597500 6.000000 3752.050083 
-22555.955823 5318.432500 6.000000 3759.325971 
-22519.312327 5382.152500 6.000000 3753.218721 
-22582.233642 5331.595000 6.000000 3763.705607 
-22545.583101 5286.100000 6.000000 3757.597183 
-22541.249469 5328.422500 6.000000 3756.874911 
-22526.825078 5400.715000 6.000000 3754.470846 
-22539.016251 5351.575000 6.000000 3756.502708 
-25631.040865 5415.497500 7.000000 3661.577266 
-22532.885659 5317.960000 6.000000 3755.480943 
-22512.289265 5343.880000 6.000000 3752.048211 
-22532.526035 5303.785000 6.000000 3755.421006 
-22522.071247 5353.465000 6.000000 3753.678541 
-22519.825961 5360.215000 6.000000 3753.304327 
-22510.746527 5339.492500 6.000000 3751.791088 
-22542.795847 5302.165000 6.000000 3757.132641 
-22529.190190 5303.447500 6.000000 3754.865032 
-22526.268703 5353.870000 6.000000 3754.378117 
-22543.447843 5300.680000 6.000000 3757.241307 
-22514.032902 5359.675000 6.000000 3752.338817 
-22521.748112 5307.092500 6.000000 3753.624685 
-22537.894889 5343.542500 6.000000 3756.315815 
-22539.038779 5308.172500 6.000000 3756.506463 
-22528.389931 5328.085000 6.000000 3754.731655 
-22516.023473 5324.642500 6.000000 3752.670579 
-22502.371642 5402.672500 6.000000 3750.395274 
-22529.980437 5319.107500 6.000000 3754.996739 
-22510.571481 5364.265000 6.000000 3751.761914 
-22502.545101 5401.795000 6.000000 3750.424183 
-22528.779377 5323.832500 6.000000 3754.796563 
-22514.858128 5320.052500 6.000000 3752.476355 
-22544.731906 5298.047500 6.000000 3757.455318 
-22538.396581 5339.357500 6.000000 3756.399430 
-22529.790853 5364.467500 6.000000 3754.965142 
-22525.079391 5331.527500 6.000000 3754.179898 
-22524.392304 5364.062500 6.000000 3754.065384 
-22519.837400 5298.250000 6.000000 3753.306233 
-22530.521050 5320.525000 6.000000 3755.086842 
-22528.060448 5334.767500 6.000000 3754.676741 
-25625.283507 5407.330000 7.000000 3660.754787 
-22501.372917 5393.087500 6.000000 3750.228820 
-22536.160728 5307.160000 6.000000 3756.026788 
-22531.536261 5356.705000 6.000000 3755.256044 
-22531.476567 5376.347500 6.000000 3755.246095 
-22513.388607 5346.445000 6.000000 3752.231434 
-22500.272487 5406.925000 6.000000 3750.045415 
-22537.182393 5272.937500 6.000000 3756.197066 
-22503.150471 5403.482500 6.000000 3750.525078 
-22523.691294 5328.895000 6.000000 3753.948549 
-22514.730415 5341.855000 6.000000 3752.455069 
-22517.604291 5346.242500 6.000000 3752.934048 
-22554.032154 5330.650000 6.000000 3759.005359 
-22519.264710 5357.650000 6.000000 3753.210785 
-22535.023652 5331.257500 6.000000 3755.837275 
-22499.449919 5417.117500 6.000000 3749.908320 
-22525.618071 5307.565000 6.000000 3754.269678 
-22504.123999 5391.805000 6.000000 3750.687333 
-22507.598474 5366.155000 6.000000 3751.266412 
-22551.785184 5357.515000 6.000000 3758.630864 
-22518.950249 5370.880000 6.000000 3753.158375 
-22530.055952 5298.250000 6.000000 3755.009325 
-22509.886117 5351.642500 6.000000 3751.647686 
-22528.657474 5312.222500 6.000000 3754.776246 
-22522.735359 5422.315000 6.000000 3753.789226 
-22535.371000 5318.567500 6.000000 3755.895167 
-22530.843379 5323.495000 6.000000 3755.140563 
-22502.793447 5412.190000 6.000000 3750.465574 
-22503.197581 5392.412500 6.000000 3750.532930 
-22506.468654 5391.872500 6.000000 3751.078109 
-22512.410883 5394.302500 6.000000 3752.068481 
-22536.220140 5279.417500 6.000000 3756.036690 
-22527.796400 5322.347500 6.000000 3754.632733 
-22498.133652 5421.572500 6.000000 3749.688942 
-22522.721533 5372.095000 6.000000 3753.786922 
-22517.122917 5364.400000 6.000000 3752.853820 
-22505.486009 5384.245000 6.000000 3750.914335 
-25651.830335 5332.675000 7.000000 3664.547191 
-22527.883279 5376.077500 6.000000 3754.647213 
-22523.427957 5347.052500 6.000000 3753.904659 
-22525.213520 5323.225000 6.000000 3754.202253 
-22527.683147 5339.155000 6.000000 3754.613858 
-22522.627575 5314.990000 6.000000 3753.771262 
-22527.645194 5314.720000 6.000000 3754.607532 
-22530.720796 5324.777500 6.000000 3755.120133 
-22504.432956 5388.700000 6.000000 3750.738826 
-22510.474722 5336.117500 6.000000 3751.745787 
-22504.408548 5412.932500 6.000000 3750.734758 
-22505.638893 5397.407500 6.000000 3750.939815 
-22512.032407 5367.032500 6.000000 3752.005401 
-22521.997344 5340.572500 6.000000 3753.666224 
-22513.208209 5335.510000 6.000000 3752.201368 
-22519.546912 5312.290000 6.000000 3753.257819 
-22513.588807 5341.315000 6.000000 3752.264801 
-22548.604367 5278.472500 6.000000 3758.100728 
-22500.786909 5416.982500 6.000000 3750.131151 
-22509.823295 5399.432500 6.000000 3751.637216 
-22512.262629 5379.790000 6.000000 3752.043772 
-22523.151140 5361.565000 6.000000 3753.858523 
-22528.937518 5336.590000 6.000000 3754.822920 
-22515.318794 5324.170000 6.000000 3752.553132 
-22514.247644 5363.725000 6.000000 3752.374607 
-22563.029619 5396.395000 6.000000 3760.504937 
-22523.333748 5329.772500 6.000000 3753.888958 
-25646.527330 5381.342500 7.000000 3663.789619 
-22559.716777 5344.150000 6.000000 3759.952796 
-25618.019616 5429.875000 7.000000 3659.717088 
-22534.519677 5365.885000 6.000000 3755.753279 
-22519.085851 5382.355000 6.000000 3753.180975 
-22526.677085 5351.912500 6.000000 3754.446181 
-25622.462550 5437.165000 7.000000 3660.351793 
-22524.347854 5334.227500 6.000000 3754.057976 
-22526.109679 5350.832500 6.000000 3754.351613 
-22504.329664 5401.930000 6.000000 3750.721611 
-22520.071364 5319.647500 6.000000 3753.345227 
-22512.976657 5387.485000 6.000000 3752.162776 
-22500.665601 5418.197500 6.000000 3750.110933 
-22531.945341 5303.920000 6.000000 3755.324224 
-22531.391399 5329.030000 6.000000 3755.231900 
-25626.906054 5382.827500 7.000000 3660.986579 
-22539.882780 5271.992500 6.000000 3756.647130 
-22522.814635 5341.922500 6.000000 3753.802439 
-22533.463627 5294.875000 6.000000 3755.577271 
-22548.615466 5304.932500 6.000000 3758.102578 
-22517.372108 5386.405000 6.000000 3752.895351 
-22548.746147 5307.700000 6.000000 3758.124358 
-22533.332962 5295.145000 6.000000 3755.555494 
-22517.512485 5350.495000 6.000000 3752.918748 
-22496.342422 5447.695000 6.000000 3749.390404 
-22519.039116 5352.655000 6.000000 3753.173186 
-22520.182986 5382.017500 6.000000 3753.363831 
-22503.158747 5389.577500 6.000000 3750.526458 
-22531.146004 5291.567500 6.000000 3755.191001 
-22515.320406 5389.510000 6.000000 3752.553401 
-22518.493702 5372.162500 6.000000 3753.082284 
-22525.028417 5313.977500 6.000000 3754.171403 
-22537.558998 5311.682500 6.000000 3756.259833 
-22511.306646 5356.435000 6.000000 3751.884441 
-22519.819004 5356.570000 6.000000 3753.303167 
-22535.992581 5314.585000 6.000000 3755.998763 
-22518.978232 5364.940000 6.000000 3753.163039 
-22502.262758 5411.987500 6.000000 3750.377126 
-22530.616681 5401.862500 6.000000 3755.102780 
-22521.026910 5364.670000 6.000000 3753.504485 
-22544.225542 5276.785000 6.000000 3757.370924 
-22503.952298 5386.607500 6.000000 3750.658716 
-22526.099361 5308.105000 6.000000 3754.349894 
-22548.143220 5317.690000 6.000000 3758.023870 
-22539.920690 5344.825000 6.000000 3756.653448 
-22528.048430 5335.712500 6.000000 3754.674738 
-22558.044823 5309.792500 6.000000 3759.674137 
-22532.546101 5379.790000 6.000000 3755.424350 
-22516.382160 5322.887500 6.000000 3752.730360 
-22523.332469 5347.052500 6.000000 3753.888745 
-22517.474601 5319.850000 6.000000 3752.912433 
-22518.989092 5354.342500 6.000000 3753.164849 
-22517.220817 5375.672500 6.000000 3752.870136 
-22509.655262 5390.590000 6.000000 3751.609210 
-22517.714341 5319.310000 6.000000 3752.952390 
-22540.291352 5317.487500 6.000000 3756.715225 
-22539.291651 5326.735000 6.000000 3756.548608 
-22540.702880 5318.770000 6.000000 3756.783813 
-22528.369845 5322.347500 6.000000 3754.728308 
-22504.093173 5391.400000 6.000000 3750.682195 
-22526.946845 5326.532500 6.000000 3754.491141 
-22510.575581 5354.680000 6.000000 3751.762597 
-22545.026901 5310.467500 6.000000 3757.504483 
-22539.387057 5309.185000 6.000000 3756.564510 
-22517.462532 5319.445000 6.000000 3752.910422 
-22505.477270 5372.905000 6.000000 3750.912878 
-22507.987089 5393.897500 6.000000 3751.331182 
-22501.122844 5422.855000 6.000000 3750.187141 
-22525.440764 5290.892500 6.000000 3754.240127 
-22512.339739 5352.385000 6.000000 3752.056623 
-22530.387516 5337.062500 6.000000 3755.064586 
-22540.984204 5326.735000 6.000000 3756.830701 
-22562.813274 5385.190000 6.000000 3760.468879 
-22532.702604 5389.982500 6.000000 3755.450434 
-22528.025267 5314.855000 6.000000 3754.670878 
-22550.786086 5337.872500 6.000000 3758.464348 
-22507.473312 5381.477500 6.000000 3751.245552 
-22512.292449 5345.162500 6.000000 3752.048742 
-22552.052438 5314.180000 6.000000 3758.675406 
-22515.835712 5333.012500 6.000000 3752.639285 
-22549.599996 5290.352500 6.000000 3758.266666 
-22528.905143 5371.285000 6.000000 3754.817524 
-22522.142826 5319.242500 6.000000 3753.690471 
-22513.296783 5407.127500 6.000000 3752.216130 
-22500.407154 5437.232500 6.000000 3750.067859 
-22529.897016 5330.312500 6.000000 3754.982836 
-22520.114459 5295.820000 6.000000 3753.352410 
-22518.368586 5347.120000 6.000000 3753.061431 
-22526.212185 5358.730000 6.000000 3754.368698 
-22511.033173 5390.387500 6.000000 3751.838862 
-22560.356344 5384.110000 6.000000 3760.059391 
-22518.539922 5293.052500 6.000000 3753.089987 
-22501.001484 5413.067500 6.000000 3750.166914 
-22539.552225 5343.070000 6.000000 3756.592037 
-22501.769086 5408.410000 6.000000 3750.294848 
-22528.632510 5296.697500 6.000000 3754.772085 
-22524.195030 5402.335000 6.000000 3754.032505 
-22504.892404 5382.017500 6.000000 3750.815401 
-22513.755728 5383.637500 6.000000 3752.292621 
-22536.381493 5325.925000 6.000000 3756.063582 
-25632.403572 5456.335000 7.000000 3661.771939 
-22530.913109 5309.320000 6.000000 3755.152185 
-22509.424554 5374.592500 6.000000 3751.570759 
-22508.386589 5368.315000 6.000000 3751.397765 
-22519.832811 5301.557500 6.000000 3753.305468 
-22547.840502 5304.527500 6.000000 3757.973417 
-22518.443507 5326.262500 6.000000 3753.073918 
-22515.905284 5326.870000 6.000000 3752.650881 
-22512.753433 5369.395000 6.000000 3752.125572 
-22516.497177 5341.450000 6.000000 3752.749529 
-22527.254874 5351.845000 6.000000 3754.542479 
-22514.329648 5343.880000 6.000000 3752.388275 
-22506.563831 5388.632500 6.000000 3751.093972 
-22527.693190 5335.442500 6.000000 3754.615532 
-22513.999910 5358.055000 6.000000 3752.333318 
-22530.325743 5308.645000 6.000000 3755.054291 
-25639.775880 5392.885000 7.000000 3662.825126 
-22512.449730 5361.025000 6.000000 3752.074955 
-22517.466977 5336.522500 6.000000 3752.911163 
-25643.086217 5379.587500 7.000000 3663.298031 
-22528.388974 5345.905000 6.000000 3754.731496 
-22538.043385 5317.892500 6.000000 3756.340564 
-22510.559294 5340.370000 6.000000 3751.759882 
-22538.320770 5372.567500 6.000000 3756.386795 
-25630.198489 5406.250000 7.000000 3661.456927 
