-40117.903538 3966.590000 6.000000 6686.317256 
-40118.110756 4067.907500 6.000000 6686.351793 
-40127.899277 4049.277500 6.000000 6687.983213 
-40127.085697 3932.367500 6.000000 6687.847616 
-40119.138401 3984.815000 6.000000 6686.523067 
-40123.094238 3997.842500 6.000000 6687.182373 
-40130.945595 4007.292500 6.000000 6688.490932 
-40113.579364 4026.867500 6.000000 6685.596561 
-40124.476041 3949.512500 6.000000 6687.412674 
-40119.240809 3969.762500 6.000000 6686.540135 
-40132.758881 3956.330000 6.000000 6688.793147 
-40117.783472 3958.692500 6.000000 6686.297245 
-40119.076008 3981.035000 6.000000 6686.512668 
-40121.106096 3971.180000 6.000000 6686.851016 
-40119.195699 3967.467500 6.000000 6686.532616 
-40126.284556 4012.355000 6.000000 6687.714093 
-40102.678931 4076.007500 6.000000 6683.779822 
-40114.337473 4000.812500 6.000000 6685.722912 
-40109.386389 4023.897500 6.000000 6684.897731 
-40112.556070 3967.332500 6.000000 6685.426012 
-40118.640967 3957.882500 6.000000 6686.440161 
-40137.386373 3918.867500 6.000000 6689.564395 
-40110.187335 4014.177500 6.000000 6685.031223 
-40109.502483 4005.132500 6.000000 6684.917081 
-40096.697302 4068.380000 6.000000 6682.782884 
-40128.428604 3946.677500 6.000000 6688.071434 
-40114.168898 4055.217500 6.000000 6685.694816 
-40114.827709 4008.507500 6.000000 6685.804618 
-40119.151223 3997.910000 6.000000 6686.525204 
-40122.179234 4000.745000 6.000000 6687.029872 
-40117.702433 3966.320000 6.000000 6686.283739 
-40130.061586 3941.412500 6.000000 6688.343598 
-40129.144269 3986.232500 6.000000 6688.190711 
-40117.485576 4033.280000 6.000000 6686.247596 
-40115.267809 4001.352500 6.000000 6685.877968 
-40124.944477 3934.595000 6.000000 6687.490746 
-40121.457849 3941.615000 6.000000 6686.909642 
-40125.735104 3948.432500 6.000000 6687.622517 
-40125.486905 3962.202500 6.000000 6687.581151 
-40108.267333 3982.655000 6.000000 6684.711222 
-40125.652014 3938.375000 6.000000 6687.608669 
-40124.938462 4038.207500 6.000000 6687.489744 
-40119.432767 4006.077500 6.000000 6686.572128 
-40127.102207 4016.067500 6.000000 6687.850368 
-40109.513862 4018.835000 6.000000 6684.918977 
-40124.364788 3949.107500 6.000000 6687.394131 
-40117.816039 4076.007500 6.000000 6686.302673 
-40127.412713 3973.340000 6.000000 6687.902119 
-40111.872140 4020.455000 6.000000 6685.312023 
-40125.918403 3942.020000 6.000000 6687.653067 
-40114.821897 3983.532500 6.000000 6685.803650 
-40116.038679 4006.887500 6.000000 6686.006447 
-40114.048094 3995.682500 6.000000 6685.674682 
-40124.448658 3984.612500 6.000000 6687.408110 
-40130.055016 3961.122500 6.000000 6688.342503 
-40121.565720 3974.352500 6.000000 6686.927620 
-40128.264894 3950.727500 6.000000 6688.044149 
-40121.200208 3959.097500 6.000000 6686.866701 
-40105.908797 3999.935000 6.000000 6684.318133 
-40129.693300 3994.940000 6.000000 6688.282217 
-40120.887950 4049.142500 6.000000 6686.814658 
-40120.501964 3974.150000 6.000000 6686.750327 
-40128.666857 3958.490000 6.000000 6688.111143 
-40118.475539 3998.585000 6.000000 6686.412590 
-40121.226245 4032.200000 6.000000 6686.871041 
-40124.306346 3985.895000 6.000000 6687.384391 
-40129.035021 3961.932500 6.000000 6688.172504 
-40128.176969 3954.305000 6.000000 6688.029495 
-40110.237177 3987.312500 6.000000 6685.039529 
-40125.566680 3962.202500 6.000000 6687.594447 
-40118.234808 3970.775000 6.000000 6686.372468 
-40124.116519 3973.205000 6.000000 6687.352753 
-40122.696093 3980.900000 6.000000 6687.116015 
-40124.568532 3981.440000 6.000000 6687.428089 
-40110.521532 4084.647500 6.000000 6685.086922 
-40116.667000 4025.450000 6.000000 6686.111167 
-40103.113735 4074.387500 6.000000 6683.852289 
-40127.090926 3952.010000 6.000000 6687.848488 
-40127.146508 4033.347500 6.000000 6687.857751 
-40118.557634 3973.880000 6.000000 6686.426272 
-40123.086392 3944.652500 6.000000 6687.181065 
-40114.911909 3972.530000 6.000000 6685.818651 
-40122.988689 3998.180000 6.000000 6687.164781 
-40121.447428 3981.710000 6.000000 6686.907905 
-40131.451458 3948.432500 6.000000 6688.575243 
-40120.405715 3955.587500 6.000000 6686.734286 
-40129.082348 3952.550000 6.000000 6688.180391 
-40125.487671 3973.812500 6.000000 6687.581279 
-40112.440773 3991.970000 6.000000 6685.406796 
-40120.950906 4035.710000 6.000000 6686.825151 
-40131.873849 3996.425000 6.000000 6688.645641 
-40103.688868 4032.200000 6.000000 6683.948145 
-40096.136806 4047.185000 6.000000 6682.689468 
-40097.086148 4034.495000 6.000000 6682.847691 
-40127.330588 3964.902500 6.000000 6687.888431 
-40130.036581 3956.870000 6.000000 6688.339430 
-40111.732564 4076.750000 6.000000 6685.288761 
-40129.524812 3957.005000 6.000000 6688.254135 
-40128.805346 3949.580000 6.000000 6688.134224 
-40113.778123 4024.167500 6.000000 6685.629687 
-40108.390409 4114.415000 6.000000 6684.731735 
-40123.915891 3950.457500 6.000000 6687.319315 
-40124.632529 3980.697500 6.000000 6687.438755 
-40123.273105 3956.937500 6.000000 6687.212184 
-40127.135409 3929.262500 6.000000 6687.855902 
-40120.455367 3972.260000 6.000000 6686.742561 
-40124.712275 3994.670000 6.000000 6687.452046 
-40118.908152 4000.475000 6.000000 6686.484692 
-40125.691313 4062.845000 6.000000 6687.615219 
-40104.655101 4012.625000 6.000000 6684.109183 
-40127.380755 3944.990000 6.000000 6687.896792 
-40122.002135 3993.590000 6.000000 6687.000356 
-40133.698225 3932.030000 6.000000 6688.949704 
-40132.622381 3940.400000 6.000000 6688.770397 
-40122.464706 3987.650000 6.000000 6687.077451 
-40122.791229 3961.865000 6.000000 6687.131871 
-40117.111958 4010.532500 6.000000 6686.185326 
-40109.704524 4023.290000 6.000000 6684.950754 
-40117.468183 3979.212500 6.000000 6686.244697 
-40124.901142 3981.507500 6.000000 6687.483524 
-40105.852722 4005.402500 6.000000 6684.308787 
-40129.222493 3950.727500 6.000000 6688.203749 
-40129.532739 3923.390000 6.000000 6688.255457 
-40123.135732 4040.165000 6.000000 6687.189289 
-40125.278038 4010.465000 6.000000 6687.546340 
-40112.031140 3978.402500 6.000000 6685.338523 
-40121.195579 4000.745000 6.000000 6686.865930 
-40119.084179 3960.380000 6.000000 6686.514030 
-40114.324105 4022.277500 6.000000 6685.720684 
-40126.495864 4006.482500 6.000000 6687.749311 
-40122.448164 3943.302500 6.000000 6687.074694 
-40127.750822 3973.002500 6.000000 6687.958470 
-40120.552978 3993.252500 6.000000 6686.758830 
-40113.676268 4027.542500 6.000000 6685.612711 
-40118.124175 3974.825000 6.000000 6686.354029 
-40127.499881 3985.287500 6.000000 6687.916647 
-40118.906105 3970.235000 6.000000 6686.484351 
-40124.600287 3958.287500 6.000000 6687.433381 
-40122.273820 3951.807500 6.000000 6687.045637 
-40133.337471 4003.310000 6.000000 6688.889579 
-40124.581662 3962.067500 6.000000 6687.430277 
-40128.354190 3993.995000 6.000000 6688.059032 
-40123.724833 4010.600000 6.000000 6687.287472 
-40132.333247 3959.232500 6.000000 6688.722208 
-40127.995334 3954.372500 6.000000 6687.999222 
-40129.951852 3929.870000 6.000000 6688.325309 
-40124.634260 4017.080000 6.000000 6687.439043 
-40114.998032 3995.750000 6.000000 6685.833005 
-40112.271300 4062.237500 6.000000 6685.378550 
-40125.730023 3969.492500 6.000000 6687.621670 
-40122.748909 3958.085000 6.000000 6687.124818 
-40104.343047 3992.915000 6.000000 6684.057175 
-40124.092794 3953.157500 6.000000 6687.348799 
-40120.159043 4016.540000 6.000000 6686.693174 
-40123.684554 3969.222500 6.000000 6687.280759 
-40128.288021 3974.825000 6.000000 6688.048004 
-40129.752008 3998.652500 6.000000 6688.292001 
-40123.962287 3964.835000 6.000000 6687.327048 
-40120.898579 3993.590000 6.000000 6686.816430 
-40120.354391 3996.492500 6.000000 6686.725732 
-40128.022095 3948.905000 6.000000 6688.003683 
-40129.568718 3981.372500 6.000000 6688.261453 
-40117.418305 4015.257500 6.000000 6686.236384 
-40113.236068 4047.995000 6.000000 6685.539345 
-40125.586243 3958.355000 6.000000 6687.597707 
-40115.576313 3993.320000 6.000000 6685.929385 
-40132.610534 3958.827500 6.000000 6688.768422 
-40122.197045 3980.495000 6.000000 6687.032841 
-40119.299901 4035.642500 6.000000 6686.549983 
-40121.216170 3951.402500 6.000000 6686.869362 
-40113.890007 3982.115000 6.000000 6685.648334 
-40116.643153 4009.250000 6.000000 6686.107192 
-40127.731910 3924.335000 6.000000 6687.955318 
-40111.912783 4034.292500 6.000000 6685.318797 
-40111.566791 4040.300000 6.000000 6685.261132 
-40126.313188 4005.807500 6.000000 6687.718865 
-40116.821931 4000.272500 6.000000 6686.136989 
-40125.514711 3946.947500 6.000000 6687.585785 
-40112.770219 4003.715000 6.000000 6685.461703 
-40122.326081 4011.005000 6.000000 6687.054347 
-40121.537431 3958.557500 6.000000 6686.922905 
-40130.163174 3998.585000 6.000000 6688.360529 
-40118.526317 4001.960000 6.000000 6686.421053 
-40125.904109 3969.830000 6.000000 6687.650685 
-40111.269611 4013.232500 6.000000 6685.211602 
-40110.741367 4033.010000 6.000000 6685.123561 
-40116.456620 3977.727500 6.000000 6686.076103 
-40124.276949 3964.902500 6.000000 6687.379491 
-40114.141238 4006.887500 6.000000 6685.690206 
-40130.730774 4027.070000 6.000000 6688.455129 
-40114.774030 4051.842500 6.000000 6685.795672 
-40111.613162 4022.480000 6.000000 6685.268860 
-40127.720958 3985.895000 6.000000 6687.953493 
-40115.070266 3978.402500 6.000000 6685.845044 
-40135.464264 3952.212500 6.000000 6689.244044 
-40110.388124 4004.120000 6.000000 6685.064687 
-40125.364209 3944.045000 6.000000 6687.560702 
-40129.543529 3962.945000 6.000000 6688.257255 
-40111.065207 4089.575000 6.000000 6685.177535 
-40119.350523 3980.562500 6.000000 6686.558421 
-40111.596493 3988.932500 6.000000 6685.266082 
-40132.403374 3932.232500 6.000000 6688.733896 
-40131.590614 3935.000000 6.000000 6688.598436 
-40129.044669 3922.310000 6.000000 6688.174111 
-40110.265084 4070.540000 6.000000 6685.044181 
-40120.365357 4028.217500 6.000000 6686.727559 
-40105.221321 4020.927500 6.000000 6684.203553 
-40112.914334 4027.070000 6.000000 6685.485722 
-40116.288472 4047.927500 6.000000 6686.048079 
-40089.881068 4067.165000 6.000000 6681.646845 
-40129.113822 4005.335000 6.000000 6688.185637 
-40128.903758 3964.835000 6.000000 6688.150626 
-40099.688917 4014.920000 6.000000 6683.281486 
-40122.249903 3944.112500 6.000000 6687.041651 
-40130.300585 4004.727500 6.000000 6688.383431 
-40112.953888 3969.222500 6.000000 6685.492315 
-40101.142071 4027.880000 6.000000 6683.523678 
-40123.574588 3982.520000 6.000000 6687.262431 
-40116.965408 4056.297500 6.000000 6686.160901 
-40114.905438 3995.952500 6.000000 6685.817573 
-40130.344289 3984.612500 6.000000 6688.390715 
-40128.224591 4022.277500 6.000000 6688.037432 
-40123.792286 4040.907500 6.000000 6687.298714 
-40127.945618 3957.410000 6.000000 6687.990936 
-40113.519141 3999.327500 6.000000 6685.586524 
-40128.807519 3958.085000 6.000000 6688.134587 
-40116.852773 4043.877500 6.000000 6686.142129 
-40111.071432 3980.630000 6.000000 6685.178572 
-40124.982580 3966.050000 6.000000 6687.497097 
-40122.186068 4001.622500 6.000000 6687.031011 
-40123.521047 3970.505000 6.000000 6687.253508 
-40119.558773 3975.432500 6.000000 6686.593129 
-40111.461205 4081.677500 6.000000 6685.243534 
-40120.254861 3997.707500 6.000000 6686.709143 
-40124.746352 4077.492500 6.000000 6687.457725 
-40123.673135 3970.370000 6.000000 6687.278856 
-40109.913854 4003.445000 6.000000 6684.985642 
-40117.352831 3964.362500 6.000000 6686.225472 
-40122.635529 3973.610000 6.000000 6687.105921 
-40106.255311 4037.262500 6.000000 6684.375885 
-40111.228799 4031.120000 6.000000 6685.204800 
-40122.881072 4000.340000 6.000000 6687.146845 
-40129.065977 3960.380000 6.000000 6688.177663 
-40129.353749 3927.777500 6.000000 6688.225625 
-40126.057297 3940.737500 6.000000 6687.676216 
-40122.793043 3973.812500 6.000000 6687.132174 
-40123.042290 3952.010000 6.000000 6687.173715 
-40115.609977 4004.862500 6.000000 6685.934996 
-40128.057542 3968.210000 6.000000 6688.009590 
-40118.076675 3973.407500 6.000000 6686.346112 
-40123.150419 3947.150000 6.000000 6687.191736 
-40110.579275 4035.777500 6.000000 6685.096546 
-40120.194083 4008.237500 6.000000 6686.699014 
-40119.420783 4026.192500 6.000000 6686.570131 
-40122.270186 3972.192500 6.000000 6687.045031 
-40123.299255 4039.827500 6.000000 6687.216543 
-40125.230563 3950.795000 6.000000 6687.538427 
-40124.658550 3974.622500 6.000000 6687.443092 
-40119.813300 3997.302500 6.000000 6686.635550 
-40129.998915 3944.315000 6.000000 6688.333153 
-40127.607420 3962.742500 6.000000 6687.934570 
-40126.068452 3935.945000 6.000000 6687.678075 
-40130.931938 3936.485000 6.000000 6688.488656 
-40134.491174 3986.165000 6.000000 6689.081862 
-40118.200825 3978.335000 6.000000 6686.366804 
-40121.556305 3981.980000 6.000000 6686.926051 
-40124.927517 3965.847500 6.000000 6687.487920 
-40122.647138 3991.362500 6.000000 6687.107856 
-40125.647011 3982.047500 6.000000 6687.607835 
-40131.418793 4049.210000 6.000000 6688.569799 
-40119.564861 3959.232500 6.000000 6686.594143 
-40120.361126 3971.652500 6.000000 6686.726854 
-40125.601300 3992.037500 6.000000 6687.600217 
-40119.576781 3966.252500 6.000000 6686.596130 
-40113.592353 4045.160000 6.000000 6685.598725 
-40112.096984 3992.780000 6.000000 6685.349497 
-40121.452710 3962.742500 6.000000 6686.908785 
-40121.364182 4033.617500 6.000000 6686.894030 
-40121.164551 4021.062500 6.000000 6686.860758 
-40128.403214 3995.547500 6.000000 6688.067202 
-40126.134274 3962.405000 6.000000 6687.689046 
-40106.451972 4005.267500 6.000000 6684.408662 
-40125.299913 3967.805000 6.000000 6687.549986 
-40132.798790 3977.457500 6.000000 6688.799798 
-40130.568845 4027.745000 6.000000 6688.428141 
-40103.994288 4027.407500 6.000000 6683.999048 
-40131.949073 3940.265000 6.000000 6688.658179 
-40131.170014 3929.195000 6.000000 6688.528336 
-40123.541241 3975.432500 6.000000 6687.256874 
-40128.235030 3952.415000 6.000000 6688.039172 
-40116.503768 4066.017500 6.000000 6686.083961 
-40124.007431 3964.767500 6.000000 6687.334572 
-40120.206197 3979.617500 6.000000 6686.701033 
-40127.989444 3962.270000 6.000000 6687.998241 
-40124.796050 4036.317500 6.000000 6687.466008 
-40114.236043 3998.652500 6.000000 6685.706007 
-40128.700143 4007.090000 6.000000 6688.116690 
-40121.769072 3982.520000 6.000000 6686.961512 
-40121.121106 3964.025000 6.000000 6686.853518 
-40132.809606 3974.825000 6.000000 6688.801601 
-40122.813415 4047.522500 6.000000 6687.135569 
-40120.089163 4007.225000 6.000000 6686.681527 
-40136.186776 3935.135000 6.000000 6689.364463 
-40125.873273 3961.662500 6.000000 6687.645545 
-40115.858124 3964.227500 6.000000 6685.976354 
-40124.402479 4024.505000 6.000000 6687.400413 
-40124.666546 4011.747500 6.000000 6687.444424 
-40109.198977 4020.185000 6.000000 6684.866496 
-40128.016518 3977.187500 6.000000 6688.002753 
-40126.596149 3958.625000 6.000000 6687.766025 
-40110.085224 3999.125000 6.000000 6685.014204 
-40132.019566 3911.645000 6.000000 6688.669928 
-40097.754506 4057.850000 6.000000 6682.959084 
-40122.770064 3944.990000 6.000000 6687.128344 
-40125.604792 4019.105000 6.000000 6687.600799 
-40114.012878 4029.635000 6.000000 6685.668813 
-40128.939037 4025.517500 6.000000 6688.156506 
-40125.690732 3975.230000 6.000000 6687.615122 
-40104.994312 4031.322500 6.000000 6684.165719 
-40119.964995 3956.735000 6.000000 6686.660833 
-40107.062365 4037.735000 6.000000 6684.510394 
-40128.896971 3955.992500 6.000000 6688.149495 
-40116.597006 4007.090000 6.000000 6686.099501 
-40126.022715 3976.107500 6.000000 6687.670453 
-40115.162600 4012.557500 6.000000 6685.860433 
-40126.381410 3962.877500 6.000000 6687.730235 
-40112.918197 4034.225000 6.000000 6685.486366 
-40124.898504 3975.297500 6.000000 6687.483084 
-40129.444020 3978.875000 6.000000 6688.240670 
-40102.952957 4013.705000 6.000000 6683.825493 
-40137.039850 4070.540000 6.000000 6689.506642 
-40122.950831 3947.960000 6.000000 6687.158472 
-40124.636915 3964.970000 6.000000 6687.439486 
-40128.238806 3978.402500 6.000000 6688.039801 
-40123.251062 3935.877500 6.000000 6687.208510 
-40123.161136 3959.097500 6.000000 6687.193523 
-40125.478456 3952.280000 6.000000 6687.579743 
-40121.928753 3958.895000 6.000000 6686.988125 
-40110.052768 4021.602500 6.000000 6685.008795 
-40122.330851 3972.732500 6.000000 6687.055142 
-40122.667878 4040.367500 6.000000 6687.111313 
-40121.836202 3950.862500 6.000000 6686.972700 
-40110.670770 4004.660000 6.000000 6685.111795 
-40115.243931 3983.735000 6.000000 6685.873989 
-40124.384646 4017.147500 6.000000 6687.397441 
-40112.994691 4013.165000 6.000000 6685.499115 
-40124.146269 3943.842500 6.000000 6687.357712 
-40120.541912 4009.250000 6.000000 6686.756985 
-40128.421192 4022.952500 6.000000 6688.070199 
-40119.003912 4021.197500 6.000000 6686.500652 
-40115.024141 3999.260000 6.000000 6685.837357 
-40126.239194 3948.500000 6.000000 6687.706532 
-40119.297498 3982.452500 6.000000 6686.549583 
-40120.790954 3959.165000 6.000000 6686.798492 
-40123.985215 3964.565000 6.000000 6687.330869 
-40120.726708 3984.545000 6.000000 6686.787785 
-40128.096253 4021.535000 6.000000 6688.016042 
-40115.415270 3996.020000 6.000000 6685.902545 
-40122.831783 3970.437500 6.000000 6687.138631 
-40126.505028 3949.107500 6.000000 6687.750838 
-40117.002851 3967.062500 6.000000 6686.167142 
-40123.902786 3958.152500 6.000000 6687.317131 
-40122.736439 3934.595000 6.000000 6687.122740 
-40124.285598 3991.902500 6.000000 6687.380933 
-40115.366167 3985.422500 6.000000 6685.894361 
-40115.756313 3965.307500 6.000000 6685.959385 
-40130.480984 3951.335000 6.000000 6688.413497 
-40132.986677 3918.732500 6.000000 6688.831113 
-40113.419567 4018.700000 6.000000 6685.569928 
-40125.124908 3969.762500 6.000000 6687.520818 
-40130.647411 3968.142500 6.000000 6688.441235 
-40109.146817 3997.707500 6.000000 6684.857803 
-40130.258921 3960.312500 6.000000 6688.376487 
-40122.630873 3962.877500 6.000000 6687.105145 
-40122.975363 4040.840000 6.000000 6687.162561 
-40108.932482 4047.117500 6.000000 6684.822080 
-40121.538432 4006.887500 6.000000 6686.923072 
-40119.315037 4014.245000 6.000000 6686.552506 
-40114.047986 3971.922500 6.000000 6685.674664 
-40108.504503 4048.130000 6.000000 6684.750750 
-40132.536523 3917.990000 6.000000 6688.756087 
-40131.804879 3916.572500 6.000000 6688.634146 
-40119.642211 4034.900000 6.000000 6686.607035 
-40108.129552 4017.957500 6.000000 6684.688259 
-40102.512724 4032.132500 6.000000 6683.752121 
-40128.237899 3933.042500 6.000000 6688.039650 
-40125.039188 3947.082500 6.000000 6687.506531 
-40129.815187 3943.707500 6.000000 6688.302531 
-40133.377256 3927.237500 6.000000 6688.896209 
-40123.137612 3987.110000 6.000000 6687.189602 
-40119.209294 3991.295000 6.000000 6686.534882 
-40126.380648 3936.822500 6.000000 6687.730108 
-40135.353936 3961.527500 6.000000 6689.225656 
-40110.307769 4045.227500 6.000000 6685.051295 
-40109.732324 3974.960000 6.000000 6684.955387 
-40135.787080 3926.562500 6.000000 6689.297847 
-40110.349331 3992.712500 6.000000 6685.058222 
-40114.733212 3996.830000 6.000000 6685.788869 
-40129.055878 3935.202500 6.000000 6688.175980 
-40126.247454 3929.262500 6.000000 6687.707909 
-40123.422648 3983.532500 6.000000 6687.237108 
-40105.085099 4000.677500 6.000000 6684.180850 
-40135.513254 3948.837500 6.000000 6689.252209 
-40127.530530 3977.930000 6.000000 6687.921755 
-40125.826324 4037.262500 6.000000 6687.637721 
-40127.358583 4027.002500 6.000000 6687.893097 
-40108.989000 4015.190000 6.000000 6684.831500 
-40121.844201 3963.755000 6.000000 6686.974033 
-40132.706739 3916.235000 6.000000 6688.784457 
-40123.629721 3937.700000 6.000000 6687.271620 
-40126.080787 4036.182500 6.000000 6687.680131 
-40125.367272 3990.822500 6.000000 6687.561212 
-40134.791546 3938.442500 6.000000 6689.131924 
-40131.875481 4035.575000 6.000000 6688.645914 
-40127.985702 3935.000000 6.000000 6687.997617 
-40130.005331 3924.470000 6.000000 6688.334222 
-40121.691976 4038.545000 6.000000 6686.948663 
-40129.812600 3914.412500 6.000000 6688.302100 
-40121.545914 3961.190000 6.000000 6686.924319 
-40118.815973 3982.317500 6.000000 6686.469329 
-40127.467681 3948.365000 6.000000 6687.911280 
-40125.652574 4015.122500 6.000000 6687.608762 
-40124.633203 3986.975000 6.000000 6687.438867 
-40121.009775 3962.405000 6.000000 6686.834962 
-40104.543524 4049.277500 6.000000 6684.090587 
-40118.722005 3950.322500 6.000000 6686.453668 
-40124.206240 4011.747500 6.000000 6687.367707 
-40124.707333 4044.552500 6.000000 6687.451222 
-40123.106022 3953.292500 6.000000 6687.184337 
-40133.538366 3988.460000 6.000000 6688.923061 
-40118.025387 3986.097500 6.000000 6686.337564 
-40107.793235 4052.247500 6.000000 6684.632206 
-40118.459127 4009.587500 6.000000 6686.409854 
-40125.110855 3968.412500 6.000000 6687.518476 
-40121.376279 3977.930000 6.000000 6686.896047 
-40127.890367 3944.315000 6.000000 6687.981728 
-40109.781927 3998.450000 6.000000 6684.963655 
-40132.504310 3953.697500 6.000000 6688.750718 
-40115.595624 4011.275000 6.000000 6685.932604 
-40124.038779 4005.335000 6.000000 6687.339797 
-40129.453915 3966.995000 6.000000 6688.242319 
-40113.039657 4027.340000 6.000000 6685.506609 
-40115.982893 3971.652500 6.000000 6685.997149 
-40116.431168 3954.575000 6.000000 6686.071861 
-40121.629401 3968.142500 6.000000 6686.938233 
-40130.686855 3941.142500 6.000000 6688.447809 
-40122.146106 3992.105000 6.000000 6687.024351 
-40127.391954 4001.892500 6.000000 6687.898659 
-40119.553185 3986.165000 6.000000 6686.592198 
-40130.315700 3937.497500 6.000000 6688.385950 
