-22499.146328 5433.047500 6.000000 3749.857721 
-22503.654686 5393.695000 6.000000 3750.609114 
-22516.626218 5324.642500 6.000000 3752.771036 
-22503.801158 5388.295000 6.000000 3750.633526 
-22540.361968 5318.432500 6.000000 3756.726995 
-22521.969585 5321.807500 6.000000 3753.661598 
-22525.809041 5329.165000 6.000000 3754.301507 
-22520.131620 5373.310000 6.000000 3753.355270 
-22524.970108 5368.382500 6.000000 3754.161685 
-22546.248018 5295.145000 6.000000 3757.708003 
-22534.979704 5318.230000 6.000000 3755.829951 
-22531.071803 5333.282500 6.000000 3755.178634 
-22540.608334 5309.117500 6.000000 3756.768056 
-22516.361465 5374.862500 6.000000 3752.726911 
-22515.375460 5360.350000 6.000000 3752.562577 
-22535.560872 5373.512500 6.000000 3755.926812 
-22522.700713 5343.745000 6.000000 3753.783452 
-22521.141416 5315.665000 6.000000 3753.523569 
-22518.873346 5361.160000 6.000000 3753.145558 
-22506.137824 5412.190000 6.000000 3751.022971 
-22510.911061 5342.597500 6.000000 3751.818510 
-22500.966537 5422.315000 6.000000 3750.161090 
-22512.522049 5338.480000 6.000000 3752.087008 
-22529.294343 5363.117500 6.000000 3754.882391 
-22535.401182 5378.507500 6.000000 3755.900197 
-22522.513240 5303.987500 6.000000 3753.752207 
-22541.705735 5304.325000 6.000000 3756.950956 
-22507.709641 5395.720000 6.000000 3751.284940 
-22511.462477 5361.767500 6.000000 3751.910413 
-22523.285151 5331.190000 6.000000 3753.880858 
-22509.544011 5402.672500 6.000000 3751.590669 
-22532.677106 5320.727500 6.000000 3755.446184 
-22518.064870 5314.315000 6.000000 3753.010812 
-22537.075453 5303.245000 6.000000 3756.179242 
-22517.166912 5329.637500 6.000000 3752.861152 
-22559.562355 5384.920000 6.000000 3759.927059 
-22534.920614 5311.345000 6.000000 3755.820102 
-22516.168564 5323.225000 6.000000 3752.694761 
-22525.215976 5301.355000 6.000000 3754.202663 
-22546.615408 5314.787500 6.000000 3757.769235 
-22516.104154 5323.765000 6.000000 3752.684026 
-22528.887445 5329.907500 6.000000 3754.814574 
-22499.591223 5422.315000 6.000000 3749.931871 
-22517.052435 5330.920000 6.000000 3752.842072 
-22516.101076 5396.597500 6.000000 3752.683513 
-22503.162727 5419.547500 6.000000 3750.527121 
-22509.147669 5377.427500 6.000000 3751.524611 
-22507.308363 5395.247500 6.000000 3751.218061 
-22523.731563 5369.192500 6.000000 3753.955261 
-22519.126440 5319.107500 6.000000 3753.187740 
-22528.042279 5323.765000 6.000000 3754.673713 
-22538.977217 5332.877500 6.000000 3756.496203 
-22537.596367 5322.077500 6.000000 3756.266061 
-22509.113202 5387.215000 6.000000 3751.518867 
-22498.253886 5430.617500 6.000000 3749.708981 
-22547.684811 5313.100000 6.000000 3757.947468 
-22520.721629 5361.295000 6.000000 3753.453605 
-22521.231440 5345.500000 6.000000 3753.538573 
-22519.717981 5316.880000 6.000000 3753.286330 
-22532.399543 5300.072500 6.000000 3755.399924 
-22531.338745 5377.832500 6.000000 3755.223124 
-22526.209895 5340.235000 6.000000 3754.368316 
-22525.356165 5326.937500 6.000000 3754.226027 
-22525.458802 5382.962500 6.000000 3754.243134 
-22505.068510 5392.885000 6.000000 3750.844752 
-22513.587787 5371.757500 6.000000 3752.264631 
-22531.419450 5311.817500 6.000000 3755.236575 
-22512.352532 5339.627500 6.000000 3752.058755 
-22521.635048 5366.830000 6.000000 3753.605841 
-22503.794501 5418.737500 6.000000 3750.632417 
-22525.450307 5314.382500 6.000000 3754.241718 
-22537.910914 5305.810000 6.000000 3756.318486 
-22515.904893 5324.102500 6.000000 3752.650816 
-22502.426418 5400.715000 6.000000 3750.404403 
-22507.089670 5413.877500 6.000000 3751.181612 
-22527.563090 5335.442500 6.000000 3754.593848 
-22538.982257 5321.807500 6.000000 3756.497043 
-22531.788710 5363.117500 6.000000 3755.298118 
-22529.887629 5411.042500 6.000000 3754.981271 
-22511.925709 5368.450000 6.000000 3751.987618 
-25620.434997 5431.360000 7.000000 3660.062142 
-22505.251873 5382.017500 6.000000 3750.875312 
-22506.716828 5384.582500 6.000000 3751.119471 
-22528.438167 5342.597500 6.000000 3754.739695 
-22518.173721 5332.270000 6.000000 3753.028954 
-22513.794782 5337.535000 6.000000 3752.299130 
-22510.572010 5358.865000 6.000000 3751.762002 
-22514.841062 5345.702500 6.000000 3752.473510 
-22526.280371 5320.255000 6.000000 3754.380062 
-22523.590324 5391.197500 6.000000 3753.931721 
-22528.830182 5342.935000 6.000000 3754.805030 
-22505.270192 5395.315000 6.000000 3750.878365 
-22512.732769 5341.247500 6.000000 3752.122128 
-22527.770346 5382.490000 6.000000 3754.628391 
-22528.678058 5281.577500 6.000000 3754.779676 
-22517.364902 5370.947500 6.000000 3752.894150 
-22519.719599 5352.722500 6.000000 3753.286600 
-22519.013666 5363.050000 6.000000 3753.168944 
-22527.736375 5357.987500 6.000000 3754.622729 
-22533.338888 5300.207500 6.000000 3755.556481 
-22515.966071 5326.532500 6.000000 3752.661012 
-22514.276573 5366.357500 6.000000 3752.379429 
-22528.976258 5320.187500 6.000000 3754.829376 
-22525.409035 5340.910000 6.000000 3754.234839 
-22512.189314 5389.375000 6.000000 3752.031552 
-22519.584413 5356.165000 6.000000 3753.264069 
-22509.666000 5363.320000 6.000000 3751.611000 
-22539.075379 5343.002500 6.000000 3756.512563 
-22518.272523 5304.730000 6.000000 3753.045421 
-22502.752739 5395.720000 6.000000 3750.458790 
-22509.280755 5359.945000 6.000000 3751.546793 
-22529.113474 5315.800000 6.000000 3754.852246 
-22541.256171 5317.825000 6.000000 3756.876028 
-22532.132732 5292.850000 6.000000 3755.355455 
-22521.411958 5335.577500 6.000000 3753.568660 
-22523.172316 5336.522500 6.000000 3753.862053 
-22501.996962 5404.157500 6.000000 3750.332827 
-22510.644232 5360.755000 6.000000 3751.774039 
-25604.937820 5458.090000 7.000000 3657.848260 
-22551.499324 5328.827500 6.000000 3758.583221 
-22512.539635 5352.655000 6.000000 3752.089939 
-22542.745530 5313.235000 6.000000 3757.124255 
-22528.625529 5314.045000 6.000000 3754.770922 
-22514.714917 5377.630000 6.000000 3752.452486 
-22528.414043 5424.205000 6.000000 3754.735674 
-22512.792960 5353.735000 6.000000 3752.132160 
-22535.361028 5336.860000 6.000000 3755.893505 
-22529.344706 5321.875000 6.000000 3754.890784 
-22520.746171 5316.677500 6.000000 3753.457695 
-22514.025217 5345.702500 6.000000 3752.337536 
-22505.979893 5401.592500 6.000000 3750.996649 
-22513.425470 5365.952500 6.000000 3752.237578 
-22536.049159 5316.947500 6.000000 3756.008193 
-22515.254423 5368.517500 6.000000 3752.542404 
-22522.700407 5273.275000 6.000000 3753.783401 
-22507.405335 5376.617500 6.000000 3751.234223 
-22499.630721 5426.027500 6.000000 3749.938453 
-22529.051098 5278.472500 6.000000 3754.841850 
-22524.997578 5361.632500 6.000000 3754.166263 
-22520.519869 5363.590000 6.000000 3753.419978 
-22561.867621 5343.137500 6.000000 3760.311270 
-22565.925047 5318.027500 6.000000 3760.987508 
-22524.386264 5333.957500 6.000000 3754.064377 
-22517.799849 5393.627500 6.000000 3752.966641 
-22532.067561 5322.955000 6.000000 3755.344593 
-22512.818520 5346.445000 6.000000 3752.136420 
-22511.620064 5386.472500 6.000000 3751.936677 
-22513.373282 5386.810000 6.000000 3752.228880 
-22522.061014 5416.577500 6.000000 3753.676836 
-22517.841534 5313.572500 6.000000 3752.973589 
-22530.682139 5322.752500 6.000000 3755.113690 
-22526.761878 5393.087500 6.000000 3754.460313 
-22539.605263 5325.992500 6.000000 3756.600877 
-22525.405441 5325.857500 6.000000 3754.234240 
-22527.442060 5318.702500 6.000000 3754.573677 
-22505.900501 5366.627500 6.000000 3750.983417 
-22531.798286 5321.672500 6.000000 3755.299714 
-22540.431395 5345.365000 6.000000 3756.738566 
-22570.746251 5337.670000 6.000000 3761.791042 
-22533.049056 5370.610000 6.000000 3755.508176 
-22531.048718 5367.842500 6.000000 3755.174786 
-22516.167211 5321.470000 6.000000 3752.694535 
-22498.989564 5423.192500 6.000000 3749.831594 
-22517.163889 5375.672500 6.000000 3752.860648 
-25624.978853 5431.765000 7.000000 3660.711265 
-22511.260384 5347.795000 6.000000 3751.876731 
-22507.441041 5398.487500 6.000000 3751.240173 
-22539.154601 5332.810000 6.000000 3756.525767 
-22519.311223 5356.232500 6.000000 3753.218537 
-22509.011290 5374.255000 6.000000 3751.501882 
-22501.533598 5411.177500 6.000000 3750.255600 
-22540.535729 5299.802500 6.000000 3756.755955 
-22510.725128 5383.165000 6.000000 3751.787521 
-22533.583965 5319.850000 6.000000 3755.597328 
-22542.579090 5320.457500 6.000000 3757.096515 
-22537.238899 5396.057500 6.000000 3756.206483 
-22518.391417 5366.425000 6.000000 3753.065236 
-22531.749306 5344.015000 6.000000 3755.291551 
-22531.203918 5411.920000 6.000000 3755.200653 
-22513.979679 5337.062500 6.000000 3752.329946 
-22501.249613 5439.325000 6.000000 3750.208269 
-22516.060289 5331.865000 6.000000 3752.676715 
-22531.696770 5302.907500 6.000000 3755.282795 
-22502.841825 5382.962500 6.000000 3750.473637 
-22509.594238 5376.010000 6.000000 3751.599040 
-22511.998941 5344.487500 6.000000 3751.999824 
-22545.097036 5312.695000 6.000000 3757.516173 
-22546.911154 5348.807500 6.000000 3757.818526 
-22511.560942 5359.945000 6.000000 3751.926824 
-22505.115252 5424.205000 6.000000 3750.852542 
-25616.064410 5445.670000 7.000000 3659.437773 
-22521.418595 5364.602500 6.000000 3753.569766 
-22518.779170 5383.030000 6.000000 3753.129862 
-25641.558252 5383.502500 7.000000 3663.079750 
-22518.330255 5367.707500 6.000000 3753.055043 
-22525.753809 5370.407500 6.000000 3754.292302 
-22513.205593 5385.865000 6.000000 3752.200932 
-22514.452917 5325.587500 6.000000 3752.408820 
-22528.337314 5323.900000 6.000000 3754.722886 
-22528.174535 5327.680000 6.000000 3754.695756 
-22515.609015 5352.655000 6.000000 3752.601502 
-22512.445253 5330.582500 6.000000 3752.074209 
-22541.845927 5332.945000 6.000000 3756.974321 
-22525.491059 5324.912500 6.000000 3754.248510 
-22518.964082 5328.355000 6.000000 3753.160680 
-22518.564156 5339.155000 6.000000 3753.094026 
-22512.541281 5385.527500 6.000000 3752.090214 
-22514.836099 5350.630000 6.000000 3752.472683 
-22502.691271 5427.445000 6.000000 3750.448545 
-22515.090494 5326.330000 6.000000 3752.515082 
-22519.085773 5306.012500 6.000000 3753.180962 
-22500.297288 5422.315000 6.000000 3750.049548 
-22521.344297 5313.910000 6.000000 3753.557383 
-22511.828454 5354.207500 6.000000 3751.971409 
-22507.217827 5399.972500 6.000000 3751.202971 
-22544.046767 5287.517500 6.000000 3757.341128 
-22509.455321 5348.605000 6.000000 3751.575887 
-22529.884991 5324.710000 6.000000 3754.980832 
-22512.120010 5337.872500 6.000000 3752.020002 
-22520.578864 5362.240000 6.000000 3753.429811 
-22505.752506 5376.482500 6.000000 3750.958751 
-22518.991554 5302.637500 6.000000 3753.165259 
-22524.946452 5338.615000 6.000000 3754.157742 
-25632.087734 5396.125000 7.000000 3661.726819 
-22545.169387 5333.822500 6.000000 3757.528231 
-22520.035960 5298.047500 6.000000 3753.339327 
-22527.008303 5325.115000 6.000000 3754.501384 
-22504.310595 5396.597500 6.000000 3750.718433 
-22518.950892 5360.215000 6.000000 3753.158482 
-22531.651161 5333.552500 6.000000 3755.275193 
-22500.900672 5408.477500 6.000000 3750.150112 
-22514.996114 5375.200000 6.000000 3752.499352 
-22519.144217 5360.350000 6.000000 3753.190703 
-22541.957872 5344.622500 6.000000 3756.992979 
-22522.489978 5367.167500 6.000000 3753.748330 
-22517.057283 5314.112500 6.000000 3752.842880 
-22532.893369 5324.642500 6.000000 3755.482228 
-25617.864782 5466.932500 7.000000 3659.694969 
-22520.077404 5352.655000 6.000000 3753.346234 
-22546.782181 5276.987500 6.000000 3757.797030 
-22542.556655 5278.337500 6.000000 3757.092776 
-22542.045527 5303.987500 6.000000 3757.007588 
-22518.901198 5309.522500 6.000000 3753.150200 
-22541.759388 5313.235000 6.000000 3756.959898 
-22507.661347 5414.957500 6.000000 3751.276891 
-22543.735648 5315.530000 6.000000 3757.289275 
-22530.956210 5338.480000 6.000000 3755.159368 
-22516.844071 5358.932500 6.000000 3752.807345 
-22531.969169 5370.407500 6.000000 3755.328195 
-22527.390907 5338.682500 6.000000 3754.565151 
-22508.122577 5368.180000 6.000000 3751.353763 
-22511.023784 5378.372500 6.000000 3751.837297 
-22521.005266 5326.397500 6.000000 3753.500878 
-22514.804526 5332.945000 6.000000 3752.467421 
-22531.775457 5367.572500 6.000000 3755.295910 
-22511.783331 5362.577500 6.000000 3751.963888 
-22527.682753 5330.987500 6.000000 3754.613792 
-22523.018383 5332.742500 6.000000 3753.836397 
-22502.875997 5403.077500 6.000000 3750.479333 
-22503.904954 5397.542500 6.000000 3750.650826 
-22509.139721 5413.067500 6.000000 3751.523287 
-22529.728668 5311.682500 6.000000 3754.954778 
-22535.886761 5275.705000 6.000000 3755.981127 
-22513.567359 5328.760000 6.000000 3752.261227 
-22531.602999 5398.825000 6.000000 3755.267167 
-22509.097774 5373.040000 6.000000 3751.516296 
-22499.507907 5432.845000 6.000000 3749.917985 
-22526.000490 5336.117500 6.000000 3754.333415 
-22513.607485 5389.172500 6.000000 3752.267914 
-22505.663161 5377.765000 6.000000 3750.943860 
-22524.705607 5326.195000 6.000000 3754.117601 
-22524.154739 5322.887500 6.000000 3754.025790 
-22502.585595 5386.270000 6.000000 3750.430932 
-22518.685515 5317.622500 6.000000 3753.114253 
-22529.423554 5293.255000 6.000000 3754.903926 
-22512.206876 5371.555000 6.000000 3752.034479 
-22527.707138 5284.750000 6.000000 3754.617856 
-22503.315972 5386.472500 6.000000 3750.552662 
-22539.725012 5324.642500 6.000000 3756.620835 
-22522.439717 5339.830000 6.000000 3753.739953 
-22512.839288 5357.920000 6.000000 3752.139881 
-22499.923713 5425.285000 6.000000 3749.987285 
-22531.357602 5355.692500 6.000000 3755.226267 
-22546.369863 5319.175000 6.000000 3757.728310 
-22524.135043 5333.417500 6.000000 3754.022507 
-22515.460930 5331.865000 6.000000 3752.576822 
-22529.411429 5327.275000 6.000000 3754.901905 
-22520.572505 5344.487500 6.000000 3753.428751 
-22503.052445 5400.647500 6.000000 3750.508741 
-22500.293368 5431.360000 6.000000 3750.048895 
-22523.907906 5397.542500 6.000000 3753.984651 
-22524.352335 5331.190000 6.000000 3754.058723 
-22538.074550 5324.170000 6.000000 3756.345758 
-22529.024604 5308.577500 6.000000 3754.837434 
-22525.875250 5310.670000 6.000000 3754.312542 
-22506.396965 5392.682500 6.000000 3751.066161 
-22527.287590 5339.897500 6.000000 3754.547932 
-25627.691920 5426.230000 7.000000 3661.098846 
-22512.651988 5351.237500 6.000000 3752.108665 
-22537.405364 5334.700000 6.000000 3756.234227 
-25647.646940 5423.530000 7.000000 3663.949563 
-22528.642550 5321.267500 6.000000 3754.773758 
-22510.723494 5349.280000 6.000000 3751.787249 
-22522.999348 5334.160000 6.000000 3753.833225 
-22551.609923 5285.560000 6.000000 3758.601654 
-22510.994242 5350.832500 6.000000 3751.832374 
-22517.426008 5393.155000 6.000000 3752.904335 
-22525.335739 5363.860000 6.000000 3754.222623 
-22527.360341 5331.865000 6.000000 3754.560057 
-22510.373944 5345.702500 6.000000 3751.728991 
-22525.920449 5324.102500 6.000000 3754.320075 
-22530.141875 5331.797500 6.000000 3755.023646 
-22514.151469 5337.265000 6.000000 3752.358578 
-22503.485029 5388.227500 6.000000 3750.580838 
-22503.490270 5399.162500 6.000000 3750.581712 
-25637.057279 5451.542500 7.000000 3662.436754 
-22514.207061 5382.962500 6.000000 3752.367843 
-22541.801413 5318.432500 6.000000 3756.966902 
-22525.105330 5312.897500 6.000000 3754.184222 
-22532.092471 5345.365000 6.000000 3755.348745 
-22500.432736 5404.022500 6.000000 3750.072123 
-22502.966207 5396.597500 6.000000 3750.494368 
-22519.178271 5301.017500 6.000000 3753.196379 
-22504.215610 5385.662500 6.000000 3750.702602 
-22515.077235 5341.315000 6.000000 3752.512873 
-22540.861945 5317.690000 6.000000 3756.810324 
-22516.385845 5374.997500 6.000000 3752.730974 
-22505.839707 5414.755000 6.000000 3750.973284 
-22522.661534 5377.022500 6.000000 3753.776922 
-22549.873924 5332.135000 6.000000 3758.312321 
-22499.925012 5425.082500 6.000000 3749.987502 
-22506.945145 5403.685000 6.000000 3751.157524 
-22520.096820 5366.830000 6.000000 3753.349470 
-22522.795972 5319.377500 6.000000 3753.799329 
-22514.919350 5333.755000 6.000000 3752.486558 
-22506.846047 5387.552500 6.000000 3751.141008 
-22499.467555 5416.577500 6.000000 3749.911259 
-22517.214687 5346.175000 6.000000 3752.869114 
-22512.889161 5343.340000 6.000000 3752.148193 
-22535.231974 5329.435000 6.000000 3755.871996 
-25630.708841 5424.205000 7.000000 3661.529834 
-22584.135674 5307.497500 6.000000 3764.022612 
-22530.461023 5322.887500 6.000000 3755.076837 
-22510.014118 5380.195000 6.000000 3751.669020 
-22532.489757 5327.950000 6.000000 3755.414960 
-22513.634500 5394.910000 6.000000 3752.272417 
-22516.775167 5372.162500 6.000000 3752.795861 
-22546.901120 5316.407500 6.000000 3757.816853 
-22538.884622 5298.587500 6.000000 3756.480770 
-22512.261660 5376.685000 6.000000 3752.043610 
-22524.126464 5356.840000 6.000000 3754.021077 
-22516.436545 5317.487500 6.000000 3752.739424 
-22499.269157 5417.657500 6.000000 3749.878193 
-22537.756312 5321.132500 6.000000 3756.292719 
-22512.757062 5339.627500 6.000000 3752.126177 
-22527.826926 5334.025000 6.000000 3754.637821 
-22503.483493 5391.265000 6.000000 3750.580582 
-22529.425808 5301.355000 6.000000 3754.904301 
-22520.788154 5315.057500 6.000000 3753.464692 
-22515.453290 5326.735000 6.000000 3752.575548 
-22530.177985 5322.212500 6.000000 3755.029664 
-25632.707970 5388.160000 7.000000 3661.815424 
-22534.182524 5373.512500 6.000000 3755.697087 
-22508.016797 5376.077500 6.000000 3751.336133 
-22515.782924 5337.940000 6.000000 3752.630487 
-22509.420868 5365.885000 6.000000 3751.570145 
-22527.939199 5348.942500 6.000000 3754.656533 
-22531.510530 5310.467500 6.000000 3755.251755 
-22500.612536 5399.027500 6.000000 3750.102089 
-22510.468699 5361.227500 6.000000 3751.744783 
-22508.528516 5374.930000 6.000000 3751.421419 
-22524.770946 5320.120000 6.000000 3754.128491 
-22547.025525 5310.332500 6.000000 3757.837588 
-22563.272483 5363.455000 6.000000 3760.545414 
-22506.727887 5393.087500 6.000000 3751.121315 
-22536.893911 5298.925000 6.000000 3756.148985 
-22501.917569 5411.785000 6.000000 3750.319595 
-22501.419765 5400.512500 6.000000 3750.236627 
-22516.812474 5367.100000 6.000000 3752.802079 
-22532.952855 5329.975000 6.000000 3755.492143 
-22514.460226 5335.645000 6.000000 3752.410038 
-22503.839327 5386.270000 6.000000 3750.639888 
-22511.153996 5395.247500 6.000000 3751.858999 
-22525.815255 5329.975000 6.000000 3754.302542 
-22555.788019 5304.797500 6.000000 3759.298003 
-25603.717482 5444.590000 7.000000 3657.673926 
-22514.913127 5353.870000 6.000000 3752.485521 
-22523.587467 5349.482500 6.000000 3753.931244 
-22520.304996 5335.307500 6.000000 3753.384166 
-22516.552090 5314.855000 6.000000 3752.758682 
-22521.671677 5324.372500 6.000000 3753.611946 
-22533.635906 5316.475000 6.000000 3755.605984 
-22505.610700 5422.720000 6.000000 3750.935117 
-22531.338745 5377.832500 6.000000 3755.223124 
-22500.805153 5427.310000 6.000000 3750.134192 
-22511.033404 5344.622500 6.000000 3751.838901 
-22525.678696 5370.340000 6.000000 3754.279783 
-22507.498955 5404.427500 6.000000 3751.249826 
-22530.071081 5303.245000 6.000000 3755.011847 
-22514.831771 5377.225000 6.000000 3752.471962 
-22519.864971 5343.340000 6.000000 3753.310828 
-22547.831946 5344.285000 6.000000 3757.971991 
-22502.971856 5406.790000 6.000000 3750.495309 
-22532.111011 5303.582500 6.000000 3755.351835 
-22524.170706 5338.345000 6.000000 3754.028451 
-22509.748905 5359.270000 6.000000 3751.624818 
-22504.742932 5401.052500 6.000000 3750.790489 
-22517.563578 5317.825000 6.000000 3752.927263 
-22551.484273 5353.195000 6.000000 3758.580712 
-22507.906755 5359.135000 6.000000 3751.317792 
-22525.227720 5329.637500 6.000000 3754.204620 
-22516.105389 5315.057500 6.000000 3752.684231 
-22539.576252 5318.230000 6.000000 3756.596042 
-22537.848164 5320.930000 6.000000 3756.308027 
-22515.050683 5317.825000 6.000000 3752.508447 
-22531.277911 5343.947500 6.000000 3755.212985 
-22541.996608 5305.135000 6.000000 3756.999435 
-22550.311969 5354.005000 6.000000 3758.385328 
-22502.155073 5399.972500 6.000000 3750.359179 
-25649.820290 5411.312500 7.000000 3664.260041 
-25644.408526 5364.062500 7.000000 3663.486932 
-22499.134893 5431.022500 6.000000 3749.855816 
-22517.971162 5313.167500 6.000000 3752.995194 
-22534.436692 5398.892500 6.000000 3755.739449 
-22516.603796 5324.305000 6.000000 3752.767299 
-22512.228790 5351.440000 6.000000 3752.038132 
-22514.735897 5346.107500 6.000000 3752.455983 
-22510.423799 5363.320000 6.000000 3751.737300 
-22539.752057 5316.407500 6.000000 3756.625343 
-22516.962165 5353.060000 6.000000 3752.827028 
-22513.335920 5333.687500 6.000000 3752.222653 
-22516.174115 5316.340000 6.000000 3752.695686 
-22502.338934 5405.102500 6.000000 3750.389822 
-22526.293324 5336.927500 6.000000 3754.382221 
-22509.503289 5356.300000 6.000000 3751.583881 
-22513.109649 5326.330000 6.000000 3752.184941 
-22564.937976 5351.305000 6.000000 3760.822996 
-22505.111883 5396.800000 6.000000 3750.851980 
-22514.875114 5323.562500 6.000000 3752.479186 
-22523.327907 5325.655000 6.000000 3753.887985 
-22519.746567 5355.220000 6.000000 3753.291095 
-22519.602638 5327.410000 6.000000 3753.267106 
-22536.684674 5349.887500 6.000000 3756.114112 
-22523.866948 5336.185000 6.000000 3753.977825 
-22517.949225 5313.032500 6.000000 3752.991538 
-22540.301897 5320.052500 6.000000 3756.716983 
-22528.030496 5324.575000 6.000000 3754.671749 
-22522.920280 5342.260000 6.000000 3753.820047 
-22518.025334 5396.057500 6.000000 3753.004222 
-22523.840644 5321.200000 6.000000 3753.973441 
