-104064.626488 8890.710000 11.000000 9460.420590 
-104084.463158 9061.485000 11.000000 9462.223923 
-104070.540107 9027.262500 11.000000 9460.958192 
-104061.346468 8711.970000 11.000000 9460.122406 
-104079.402584 8925.810000 11.000000 9461.763871 
-104077.195802 8969.617500 11.000000 9461.563255 
-104067.540073 8939.175000 11.000000 9460.685461 
-104082.416267 8864.317500 11.000000 9462.037842 
-104083.753857 8765.227500 11.000000 9462.159442 
-104080.492889 9008.835000 11.000000 9461.862990 
-104088.658781 8876.400000 11.000000 9462.605344 
-104060.625041 8883.757500 11.000000 9460.056822 
-104089.455135 8713.995000 11.000000 9462.677740 
-104078.062323 8915.347500 11.000000 9461.642029 
-104064.571246 8940.660000 11.000000 9460.415568 
-104062.153993 9067.627500 11.000000 9460.195818 
-104089.836786 9122.032500 11.000000 9462.712435 
-104126.772180 8835.157500 11.000000 9466.070198 
-104067.048815 8896.920000 11.000000 9460.640801 
-104079.522206 9009.037500 11.000000 9461.774746 
-104070.036454 9026.925000 11.000000 9460.912405 
-104066.274901 8875.995000 11.000000 9460.570446 
-104100.382580 9042.720000 11.000000 9463.671144 
-104073.525514 9030.367500 11.000000 9461.229592 
-104053.418437 9041.775000 11.000000 9459.401676 
-104051.858214 9022.200000 11.000000 9459.259838 
-104103.568134 8931.547500 11.000000 9463.960739 
-104102.875643 8820.172500 11.000000 9463.897786 
-104036.544577 9132.090000 11.000000 9457.867689 
-104095.551292 8872.957500 11.000000 9463.231936 
-104039.444461 8991.150000 11.000000 9458.131315 
-104036.047243 9046.432500 11.000000 9457.822477 
-104053.348537 9078.832500 11.000000 9459.395322 
-104086.694648 8734.987500 11.000000 9462.426786 
-104062.208883 9145.995000 11.000000 9460.200808 
-104095.362864 8782.035000 11.000000 9463.214806 
-104091.431565 8958.142500 11.000000 9462.857415 
-104039.380646 8939.512500 11.000000 9458.125513 
-104121.728724 8868.975000 11.000000 9465.611702 
-104069.946389 8834.887500 11.000000 9460.904217 
-104040.061682 8877.952500 11.000000 9458.187426 
-104065.205903 9042.382500 11.000000 9460.473264 
-104081.823212 8949.705000 11.000000 9461.983928 
-104069.112413 8843.460000 11.000000 9460.828401 
-104059.676434 8926.687500 11.000000 9459.970585 
-104072.159410 8938.027500 11.000000 9461.105401 
-104004.636851 9020.107500 11.000000 9454.966986 
-104111.510555 8761.852500 11.000000 9464.682778 
-104082.489273 8952.945000 11.000000 9462.044479 
-104095.869904 8937.690000 11.000000 9463.260900 
-104086.877367 8868.975000 11.000000 9462.443397 
-104061.091868 8923.312500 11.000000 9460.099261 
-104069.973711 8949.097500 11.000000 9460.906701 
-104055.870608 8962.867500 11.000000 9459.624601 
-104057.715714 9008.565000 11.000000 9459.792338 
-104082.846257 8808.562500 11.000000 9462.076932 
-104111.694244 8875.860000 11.000000 9464.699477 
-104062.880022 9016.665000 11.000000 9460.261820 
-104054.892332 9011.535000 11.000000 9459.535667 
-104083.826903 8891.250000 11.000000 9462.166082 
-104026.621334 9033.270000 11.000000 9456.965576 
-104059.328043 8840.017500 11.000000 9459.938913 
-104070.260437 8900.025000 11.000000 9460.932767 
-104097.741086 9119.265000 11.000000 9463.431008 
-104054.434751 8939.715000 11.000000 9459.494068 
-104085.520137 8935.732500 11.000000 9462.320012 
-104033.663124 9040.290000 11.000000 9457.605739 
-104070.687686 8983.320000 11.000000 9460.971608 
-104059.135871 9053.722500 11.000000 9459.921443 
-104089.108494 9112.785000 11.000000 9462.646227 
-104088.694091 8964.487500 11.000000 9462.608554 
-104101.871444 8932.087500 11.000000 9463.806495 
-104030.117398 9006.607500 11.000000 9457.283400 
-104105.156513 9000.127500 11.000000 9464.105138 
-104075.595470 8796.412500 11.000000 9461.417770 
-104054.045210 8956.522500 11.000000 9459.458655 
-104087.135105 9081.600000 11.000000 9462.466828 
-104062.071942 9052.237500 11.000000 9460.188358 
-104066.759527 8856.420000 11.000000 9460.614502 
-104082.824081 8793.307500 11.000000 9462.074916 
-104064.506828 8995.672500 11.000000 9460.409712 
-104052.121855 8963.002500 11.000000 9459.283805 
-104055.876019 8956.252500 11.000000 9459.625093 
-104057.512586 8936.542500 11.000000 9459.773871 
-104063.002614 9020.782500 11.000000 9460.272965 
-104081.900011 9002.287500 11.000000 9461.990910 
-104100.715415 8845.417500 11.000000 9463.701401 
-104085.114414 9133.912500 11.000000 9462.283129 
-104060.481497 9024.157500 11.000000 9460.043772 
-104082.507709 8811.195000 11.000000 9462.046155 
-104091.242502 8910.082500 11.000000 9462.840227 
-104103.582193 8900.025000 11.000000 9463.962018 
-104053.317377 9015.112500 11.000000 9459.392489 
-104062.580991 9001.815000 11.000000 9460.234636 
-104059.922644 9144.375000 11.000000 9459.992968 
-104039.236341 8949.502500 11.000000 9458.112395 
-104049.976082 8975.152500 11.000000 9459.088735 
-104072.027586 8967.525000 11.000000 9461.093417 
-104047.561953 8892.667500 11.000000 9458.869268 
-104081.958196 8818.282500 11.000000 9461.996200 
-104023.045421 9043.260000 11.000000 9456.640493 
-104103.338234 9026.452500 11.000000 9463.939839 
-104085.055984 8875.320000 11.000000 9462.277817 
-104102.951501 8990.137500 11.000000 9463.904682 
-104055.595578 8954.497500 11.000000 9459.599598 
-104095.079626 8834.415000 11.000000 9463.189057 
-104054.184459 9012.750000 11.000000 9459.471314 
-104065.813398 9028.477500 11.000000 9460.528491 
-104079.759480 8944.237500 11.000000 9461.796316 
-104055.675301 9054.127500 11.000000 9459.606846 
-104016.440020 9056.760000 11.000000 9456.040002 
-104105.738460 8765.295000 11.000000 9464.158042 
-104076.196673 8921.422500 11.000000 9461.472425 
-104032.896961 9150.180000 11.000000 9457.536087 
-104075.444081 8927.902500 11.000000 9461.404007 
-104075.004976 8842.380000 11.000000 9461.364089 
-104061.395256 8826.990000 11.000000 9460.126841 
-104102.928474 8941.807500 11.000000 9463.902589 
-104101.961570 8873.835000 11.000000 9463.814688 
-104060.542237 8936.610000 11.000000 9460.049294 
-104107.886242 8849.872500 11.000000 9464.353295 
-104037.254027 8943.360000 11.000000 9457.932184 
-104067.522634 9057.165000 11.000000 9460.683876 
-104063.301366 9134.452500 11.000000 9460.300124 
-104073.670263 8958.007500 11.000000 9461.242751 
-104088.340434 8869.650000 11.000000 9462.576403 
-104097.048062 8896.515000 11.000000 9463.368006 
-104132.523870 8883.622500 11.000000 9466.593079 
-104049.172476 9026.047500 11.000000 9459.015680 
-104055.619471 8957.062500 11.000000 9459.601770 
-104065.367046 9022.335000 11.000000 9460.487913 
-104090.977542 8927.632500 11.000000 9462.816140 
-104061.162238 8868.772500 11.000000 9460.105658 
-104067.343107 8883.420000 11.000000 9460.667555 
-104068.122489 9099.150000 11.000000 9460.738408 
-104012.392134 9086.662500 11.000000 9455.672012 
-104095.919588 8876.670000 11.000000 9463.265417 
-104084.046857 8848.387500 11.000000 9462.186078 
-104095.185078 8789.865000 11.000000 9463.198643 
-104059.650193 8898.202500 11.000000 9459.968199 
-104078.192123 8998.507500 11.000000 9461.653829 
-104044.102128 9134.857500 11.000000 9458.554739 
-104085.622189 8874.915000 11.000000 9462.329290 
-104088.265999 8791.687500 11.000000 9462.569636 
-104057.372496 8990.745000 11.000000 9459.761136 
-104067.281421 8984.062500 11.000000 9460.661947 
-104113.585168 8756.520000 11.000000 9464.871379 
-104081.697195 8988.382500 11.000000 9461.972472 
-104095.573717 8852.707500 11.000000 9463.233974 
-104072.507051 8922.570000 11.000000 9461.137005 
-104053.042928 9086.595000 11.000000 9459.367539 
-104107.773780 8838.127500 11.000000 9464.343071 
-104094.242019 8886.660000 11.000000 9463.112911 
-104025.389816 9057.637500 11.000000 9456.853620 
-104091.585073 8856.757500 11.000000 9462.871370 
-104027.906401 9140.122500 11.000000 9457.082400 
-104060.759149 9028.680000 11.000000 9460.069014 
-104050.727790 9055.477500 11.000000 9459.157072 
-104053.255596 9027.465000 11.000000 9459.386872 
-104099.362157 8997.090000 11.000000 9463.578378 
-104086.023479 8917.642500 11.000000 9462.365771 
-104110.020404 8886.525000 11.000000 9464.547309 
-104090.968935 8890.575000 11.000000 9462.815358 
-104060.057320 8862.022500 11.000000 9460.005211 
-104076.233680 8902.657500 11.000000 9461.475789 
-104081.412886 8884.635000 11.000000 9461.946626 
-104080.071664 8908.800000 11.000000 9461.824697 
-104111.257967 8989.260000 11.000000 9464.659815 
-104077.167133 9033.405000 11.000000 9461.560648 
-104089.962459 8842.245000 11.000000 9462.723860 
-104064.725975 8870.055000 11.000000 9460.429634 
-104075.067898 8900.227500 11.000000 9461.369809 
-104040.600369 9168.675000 11.000000 9458.236397 
-104088.267243 8939.310000 11.000000 9462.569749 
-104064.258984 8982.037500 11.000000 9460.387180 
-104054.747645 8943.630000 11.000000 9459.522513 
-104125.646027 8830.702500 11.000000 9465.967821 
-104086.119989 8994.862500 11.000000 9462.374544 
-104082.019446 8948.625000 11.000000 9462.001768 
-104070.501255 8869.042500 11.000000 9460.954660 
-104052.039536 8904.277500 11.000000 9459.276321 
-104080.170224 8745.922500 11.000000 9461.833657 
-104094.343293 8880.112500 11.000000 9463.122118 
-104097.110239 8875.860000 11.000000 9463.373658 
-104084.446771 8995.942500 11.000000 9462.222434 
-104078.618647 8924.055000 11.000000 9461.692604 
-104101.571123 8888.280000 11.000000 9463.779193 
-104108.520557 8844.540000 11.000000 9464.410960 
-104082.233690 8798.775000 11.000000 9462.021245 
-104004.307843 9074.040000 11.000000 9454.937077 
-104106.618284 8807.685000 11.000000 9464.238026 
-104054.140226 9010.455000 11.000000 9459.467293 
-104077.662021 8997.157500 11.000000 9461.605638 
-104047.009469 9012.075000 11.000000 9458.819043 
-104049.460250 8998.035000 11.000000 9459.041841 
-104090.639905 8814.030000 11.000000 9462.785446 
-104031.679778 8933.640000 11.000000 9457.425434 
-104100.957426 9000.127500 11.000000 9463.723402 
-104062.749398 8863.507500 11.000000 9460.249945 
-104046.342513 9132.900000 11.000000 9458.758410 
-104112.390263 8932.222500 11.000000 9464.762751 
-104028.271198 9116.970000 11.000000 9457.115563 
-104115.449821 8855.137500 11.000000 9465.040893 
-104139.812858 8845.485000 11.000000 9467.255714 
-104052.844780 9047.310000 11.000000 9459.349525 
-104084.647318 8804.242500 11.000000 9462.240665 
-104040.373421 8931.480000 11.000000 9458.215766 
-104027.711962 9035.767500 11.000000 9457.064724 
-104066.255768 9012.480000 11.000000 9460.568706 
-104061.612848 9022.132500 11.000000 9460.146623 
-104099.777773 8788.717500 11.000000 9463.616161 
-104083.238230 8934.517500 11.000000 9462.112566 
-104060.889888 8895.705000 11.000000 9460.080899 
-104049.438729 8989.665000 11.000000 9459.039884 
-104077.878562 9031.380000 11.000000 9461.625324 
-104098.422803 8820.037500 11.000000 9463.492982 
-104106.652621 8825.437500 11.000000 9464.241147 
-104063.044671 8969.887500 11.000000 9460.276788 
-104082.632406 9125.812500 11.000000 9462.057491 
-104056.606045 8984.265000 11.000000 9459.691459 
-104056.399734 8909.475000 11.000000 9459.672703 
-104053.280189 9023.685000 11.000000 9459.389108 
-104103.803474 8976.097500 11.000000 9463.982134 
-104059.786937 8964.825000 11.000000 9459.980631 
-104064.194834 8899.890000 11.000000 9460.381349 
-104061.210225 8991.217500 11.000000 9460.110020 
-104093.275359 9016.530000 11.000000 9463.025033 
-104086.828693 8877.885000 11.000000 9462.438972 
-104053.114859 8902.387500 11.000000 9459.374078 
-104069.195209 9030.705000 11.000000 9460.835928 
-104087.917398 9007.755000 11.000000 9462.537945 
-104066.085023 8995.875000 11.000000 9460.553184 
-104090.350851 8864.587500 11.000000 9462.759168 
-104082.565391 8823.075000 11.000000 9462.051399 
-104081.219878 8900.025000 11.000000 9461.929080 
-104058.578064 8879.437500 11.000000 9459.870733 
-104054.871261 9035.160000 11.000000 9459.533751 
-104095.186181 8861.482500 11.000000 9463.198744 
-104069.783029 8881.530000 11.000000 9460.889366 
-104086.202805 9035.362500 11.000000 9462.382073 
-104066.417258 8983.860000 11.000000 9460.583387 
-104043.094355 8983.860000 11.000000 9458.463123 
-104072.426346 9076.335000 11.000000 9461.129668 
-104079.661855 8989.057500 11.000000 9461.787441 
-104079.243724 8981.565000 11.000000 9461.749429 
-104089.222378 8866.950000 11.000000 9462.656580 
-104030.986761 9141.202500 11.000000 9457.362433 
-104107.094233 8801.610000 11.000000 9464.281294 
-104091.268653 8921.355000 11.000000 9462.842605 
-104092.386649 8904.750000 11.000000 9462.944241 
-104024.181612 9098.205000 11.000000 9456.743783 
-104061.685423 8917.642500 11.000000 9460.153220 
-104020.391318 9137.355000 11.000000 9456.399211 
-104086.903235 9088.417500 11.000000 9462.445749 
-104079.559363 9119.332500 11.000000 9461.778124 
-104070.354903 9001.072500 11.000000 9460.941355 
-104054.402798 8849.332500 11.000000 9459.491163 
-104096.655707 8990.002500 11.000000 9463.332337 
-104088.296333 8998.710000 11.000000 9462.572394 
-104073.895089 9002.017500 11.000000 9461.263190 
-104081.312555 8956.860000 11.000000 9461.937505 
-104055.336192 9095.707500 11.000000 9459.576017 
-104028.228926 8921.287500 11.000000 9457.111721 
-104096.922366 9008.227500 11.000000 9463.356579 
-104078.341131 9066.682500 11.000000 9461.667376 
-104113.802622 8947.072500 11.000000 9464.891147 
-104053.604908 9131.212500 11.000000 9459.418628 
-104052.518372 8938.770000 11.000000 9459.319852 
-104061.189476 8879.707500 11.000000 9460.108134 
-104069.350349 8961.247500 11.000000 9460.850032 
-104066.457318 9001.747500 11.000000 9460.587029 
-104055.651375 8955.037500 11.000000 9459.604670 
-104046.477350 8982.172500 11.000000 9458.770668 
-104075.769700 8862.225000 11.000000 9461.433609 
-104065.382602 8862.427500 11.000000 9460.489327 
-104071.384756 9013.357500 11.000000 9461.034978 
-104087.437651 8850.412500 11.000000 9462.494332 
-104088.404904 8846.025000 11.000000 9462.582264 
-104067.409714 9000.397500 11.000000 9460.673610 
-104082.198881 8947.477500 11.000000 9462.018080 
-104074.197372 8980.012500 11.000000 9461.290670 
-104099.171149 8929.117500 11.000000 9463.561014 
-104078.282304 9012.952500 11.000000 9461.662028 
-104057.968615 9077.820000 11.000000 9459.815329 
-104074.091547 9168.472500 11.000000 9461.281050 
-104038.803313 8989.732500 11.000000 9458.073028 
-104037.962911 9122.775000 11.000000 9457.996628 
-104061.435808 9090.240000 11.000000 9460.130528 
-104040.040971 9104.955000 11.000000 9458.185543 
-104103.722027 8908.395000 11.000000 9463.974730 
-104076.411408 8838.937500 11.000000 9461.491946 
-104043.454433 9047.580000 11.000000 9458.495858 
-104044.056120 8988.517500 11.000000 9458.550556 
-104103.460279 9107.992500 11.000000 9463.950934 
-104105.686213 8878.627500 11.000000 9464.153292 
-104013.570130 9243.060000 11.000000 9455.779103 
-104082.345917 9039.412500 11.000000 9462.031447 
-104088.101727 8955.307500 11.000000 9462.554702 
-104085.615198 8839.545000 11.000000 9462.328654 
-104111.544564 8867.827500 11.000000 9464.685869 
-104163.042837 8962.597500 11.000000 9469.367531 
-104064.971512 9124.192500 11.000000 9460.451956 
-104070.511070 9001.747500 11.000000 9460.955552 
-104045.850309 9107.790000 11.000000 9458.713664 
-104091.725940 9097.395000 11.000000 9462.884176 
-104110.276900 8912.647500 11.000000 9464.570627 
-104052.930260 9056.287500 11.000000 9459.357296 
-104071.067571 8987.572500 11.000000 9461.006143 
-104083.780352 8851.222500 11.000000 9462.161850 
-104082.726530 9027.060000 11.000000 9462.066048 
-104068.755528 8963.137500 11.000000 9460.795957 
-104094.790487 8946.465000 11.000000 9463.162772 
-104069.738100 8919.465000 11.000000 9460.885282 
-104080.180518 8840.422500 11.000000 9461.834593 
-104072.634122 8868.705000 11.000000 9461.148557 
-104027.652561 9083.152500 11.000000 9457.059324 
-104063.324768 9004.515000 11.000000 9460.302252 
-104086.898816 8883.622500 11.000000 9462.445347 
-104092.345286 9107.047500 11.000000 9462.940481 
-104040.848665 9074.715000 11.000000 9458.258970 
-104064.492918 8897.257500 11.000000 9460.408447 
-104137.960695 8745.180000 11.000000 9467.087336 
-104089.088998 8831.377500 11.000000 9462.644454 
-104081.827198 8911.972500 11.000000 9461.984291 
-104094.750989 8769.682500 11.000000 9463.159181 
-104099.653004 9125.137500 11.000000 9463.604819 
-104126.660806 8872.012500 11.000000 9466.060073 
-104082.645656 8776.095000 11.000000 9462.058696 
-104126.993529 8840.017500 11.000000 9466.090321 
-104100.401285 8941.537500 11.000000 9463.672844 
-104130.271695 8774.002500 11.000000 9466.388336 
-104058.731590 8937.420000 11.000000 9459.884690 
-104034.267185 9002.625000 11.000000 9457.660653 
-104080.150033 9031.042500 11.000000 9461.831821 
-104105.829233 8821.455000 11.000000 9464.166294 
-104032.012823 8910.487500 11.000000 9457.455711 
-104047.663790 9025.170000 11.000000 9458.878526 
-104061.265079 8930.940000 11.000000 9460.115007 
-104074.895152 8849.737500 11.000000 9461.354105 
-104033.354784 9114.742500 11.000000 9457.577708 
-104114.847437 8841.435000 11.000000 9464.986131 
-104080.452702 8909.137500 11.000000 9461.859337 
-104068.178404 8963.205000 11.000000 9460.743491 
-104080.747409 9003.637500 11.000000 9461.886128 
-104093.020253 8979.405000 11.000000 9463.001841 
-104093.249554 8977.515000 11.000000 9463.022687 
-104084.347167 8959.560000 11.000000 9462.213379 
-104050.498634 8980.012500 11.000000 9459.136239 
-104059.404739 8978.932500 11.000000 9459.945885 
-104068.649523 8948.287500 11.000000 9460.786320 
-104082.656474 9087.742500 11.000000 9462.059679 
-104078.098342 8946.667500 11.000000 9461.645304 
-104071.166667 8963.002500 11.000000 9461.015152 
-104070.637099 8977.380000 11.000000 9460.967009 
-104090.967820 8938.432500 11.000000 9462.815256 
-104080.676510 8920.950000 11.000000 9461.879683 
-104087.528829 8991.352500 11.000000 9462.502621 
-104090.440985 8964.892500 11.000000 9462.767362 
-104098.694472 8830.567500 11.000000 9463.517679 
-104106.747207 8972.250000 11.000000 9464.249746 
-104066.407037 8997.022500 11.000000 9460.582458 
-104073.235214 8882.002500 11.000000 9461.203201 
-104090.499029 8947.815000 11.000000 9462.772639 
-104078.483792 8966.310000 11.000000 9461.680345 
-104053.989582 9075.255000 11.000000 9459.453598 
-104078.455005 8983.792500 11.000000 9461.677728 
-104033.070089 8877.885000 11.000000 9457.551826 
-104047.560783 9077.550000 11.000000 9458.869162 
-104058.420886 9011.400000 11.000000 9459.856444 
-104098.606652 8930.670000 11.000000 9463.509696 
-104038.618522 9191.895000 11.000000 9458.056229 
-104071.044332 8983.725000 11.000000 9461.004030 
-104088.139257 9122.100000 11.000000 9462.558114 
-104079.223458 8907.652500 11.000000 9461.747587 
-104135.565283 8738.902500 11.000000 9466.869571 
-104089.411919 8828.475000 11.000000 9462.673811 
-104093.471711 8925.135000 11.000000 9463.042883 
-104062.548606 8974.747500 11.000000 9460.231691 
-104081.675874 8842.245000 11.000000 9461.970534 
-104107.841715 9008.160000 11.000000 9464.349247 
-104044.138903 9230.640000 11.000000 9458.558082 
-104100.844062 8904.277500 11.000000 9463.713097 
-104033.620501 9016.192500 11.000000 9457.601864 
-104085.963695 8864.655000 11.000000 9462.360336 
-104084.023006 8805.727500 11.000000 9462.183910 
-104011.545271 9116.295000 11.000000 9455.595025 
-104077.630221 9025.440000 11.000000 9461.602747 
-104072.680344 8876.400000 11.000000 9461.152759 
-104071.900396 8932.830000 11.000000 9461.081854 
-104046.998310 8956.590000 11.000000 9458.818028 
-104115.054272 8964.352500 11.000000 9465.004934 
-104041.108180 8933.370000 11.000000 9458.282562 
-104101.728445 8853.652500 11.000000 9463.793495 
-104064.866151 9073.702500 11.000000 9460.442377 
-104092.573360 8834.010000 11.000000 9462.961215 
-104084.688527 9047.985000 11.000000 9462.244412 
-104072.460222 8999.047500 11.000000 9461.132747 
-104122.050013 8826.517500 11.000000 9465.640910 
-104038.716782 9034.350000 11.000000 9458.065162 
-104078.197141 8829.082500 11.000000 9461.654286 
-104092.153847 9076.335000 11.000000 9462.923077 
-104072.809262 8880.787500 11.000000 9461.164478 
-104090.053096 8914.672500 11.000000 9462.732100 
-104066.096283 8790.540000 11.000000 9460.554208 
-104095.741281 8773.867500 11.000000 9463.249207 
-104094.934211 9058.380000 11.000000 9463.175837 
-104089.615687 8859.322500 11.000000 9462.692335 
-104071.981501 8904.277500 11.000000 9461.089227 
-104062.246042 8860.537500 11.000000 9460.204186 
-104056.522499 8976.975000 11.000000 9459.683864 
-104113.381801 8795.737500 11.000000 9464.852891 
-104063.781057 8981.160000 11.000000 9460.343732 
-104097.792076 8942.212500 11.000000 9463.435643 
-104086.758854 8829.217500 11.000000 9462.432623 
-104032.553602 9086.662500 11.000000 9457.504873 
-104098.431225 9018.622500 11.000000 9463.493748 
-104078.503121 8866.612500 11.000000 9461.682102 
-104077.397075 8977.447500 11.000000 9461.581552 
-104083.738824 8883.487500 11.000000 9462.158075 
-104042.446351 8992.972500 11.000000 9458.404214 
-104120.680442 8786.625000 11.000000 9465.516404 
-104070.840338 8928.780000 11.000000 9460.985485 
-104059.372059 9014.505000 11.000000 9459.942914 
-104058.222389 8845.552500 11.000000 9459.838399 
-104084.056070 8863.980000 11.000000 9462.186915 
-104069.075479 8997.900000 11.000000 9460.825044 
-104064.535273 8930.265000 11.000000 9460.412298 
-104036.239482 9067.695000 11.000000 9457.839953 
-104079.029209 8940.592500 11.000000 9461.729928 
-104077.153181 8980.417500 11.000000 9461.559380 
-104086.658209 8886.795000 11.000000 9462.423474 
-104145.289745 8788.582500 11.000000 9467.753613 
-104082.283609 9054.330000 11.000000 9462.025783 
-104070.804927 8892.870000 11.000000 9460.982266 
-104051.991152 9104.887500 11.000000 9459.271923 
-104061.219999 9000.127500 11.000000 9460.110909 
-104049.964424 9058.177500 11.000000 9459.087675 
-104089.628709 8983.455000 11.000000 9462.693519 
-104079.719795 8828.947500 11.000000 9461.792709 
-104033.733798 8985.075000 11.000000 9457.612163 
-104027.598146 9053.115000 11.000000 9457.054377 
-104102.935732 8931.682500 11.000000 9463.903248 
-104070.418555 8932.290000 11.000000 9460.947141 
-104089.438828 8965.432500 11.000000 9462.676257 
-104060.674584 9110.085000 11.000000 9460.061326 
-104099.090813 8992.702500 11.000000 9463.553710 
-104094.053722 8897.730000 11.000000 9463.095793 
-104070.240000 8845.620000 11.000000 9460.930909 
-104028.645030 9013.695000 11.000000 9457.149548 
-104082.079833 8908.530000 11.000000 9462.007258 
