-22485.939342 5559.136273 6.000000 3747.656557 
-22472.546573 5611.242485 6.000000 3745.424429 
-22480.846528 5562.125752 6.000000 3746.807755 
-22483.675478 5583.146794 6.000000 3747.279246 
-22483.728874 5558.608717 6.000000 3747.288146 
-22486.403824 5540.455411 6.000000 3747.733971 
-22483.976166 5562.558617 6.000000 3747.329361 
-22485.094232 5544.757014 6.000000 3747.515705 
-22484.452645 5599.000501 6.000000 3747.408774 
-22483.101109 5591.682365 6.000000 3747.183518 
-22485.579558 5577.005511 6.000000 3747.596593 
-22486.798349 5577.194890 6.000000 3747.799725 
-22482.200393 5564.100701 6.000000 3747.033399 
-22480.721460 5591.195391 6.000000 3746.786910 
-22482.296333 5607.143788 6.000000 3747.049389 
-22486.039015 5599.149299 6.000000 3747.673169 
-22482.748954 5566.616733 6.000000 3747.124826 
-22487.982806 5539.846693 6.000000 3747.997134 
-22480.050502 5570.526052 6.000000 3746.675084 
-22486.446918 5585.405812 6.000000 3747.741153 
-22483.314445 5576.870240 6.000000 3747.219074 
-22485.868777 5574.935872 6.000000 3747.644796 
-22483.853044 5562.125752 6.000000 3747.308841 
-22482.207251 5604.911824 6.000000 3747.034542 
-22485.780268 5551.953407 6.000000 3747.630045 
-22474.561852 5628.408317 6.000000 3745.760309 
-22486.181235 5562.044589 6.000000 3747.696872 
-22485.479394 5566.589679 6.000000 3747.579899 
-22487.240901 5573.163828 6.000000 3747.873484 
-22483.255424 5569.024549 6.000000 3747.209237 
-22482.975768 5605.250000 6.000000 3747.162628 
-22482.813598 5586.596192 6.000000 3747.135600 
-22474.168406 5616.288076 6.000000 3745.694734 
-22482.708578 5596.768537 6.000000 3747.118096 
-22483.518455 5572.568637 6.000000 3747.253076 
-22482.343212 5601.651804 6.000000 3747.057202 
-22483.982558 5593.454409 6.000000 3747.330426 
-22482.735048 5574.300100 6.000000 3747.122508 
-22483.542342 5592.710421 6.000000 3747.257057 
-22483.197485 5571.865230 6.000000 3747.199581 
-22490.107878 5557.688878 6.000000 3748.351313 
-22479.932856 5608.158317 6.000000 3746.655476 
-22484.461982 5557.066633 6.000000 3747.410330 
-22484.290588 5589.328657 6.000000 3747.381765 
-22488.396582 5578.709920 6.000000 3748.066097 
-22484.324975 5608.956413 6.000000 3747.387496 
-22482.243556 5605.222946 6.000000 3747.040593 
-22473.070096 5613.515030 6.000000 3745.511683 
-22481.990965 5617.424349 6.000000 3746.998494 
-22482.403450 5600.826653 6.000000 3747.067242 
-22486.574342 5577.857715 6.000000 3747.762390 
-22482.250573 5604.668337 6.000000 3747.041762 
-22483.070978 5573.488477 6.000000 3747.178496 
-22483.295371 5592.886273 6.000000 3747.215895 
-22481.321135 5580.549599 6.000000 3746.886856 
-22483.048009 5546.569639 6.000000 3747.174668 
-22480.290488 5592.642786 6.000000 3746.715081 
-22482.665257 5597.012024 6.000000 3747.110876 
-22486.373209 5545.000501 6.000000 3747.728868 
-22482.678894 5570.120240 6.000000 3747.113149 
-22488.762705 5563.207916 6.000000 3748.127117 
-22482.554973 5559.826152 6.000000 3747.092495 
-22483.568913 5560.989479 6.000000 3747.261486 
-22481.204409 5620.738477 6.000000 3746.867402 
-22484.344759 5586.203908 6.000000 3747.390793 
-22483.408929 5572.893287 6.000000 3747.234822 
-22486.710418 5549.680862 6.000000 3747.785070 
-22473.344749 5608.929359 6.000000 3745.557458 
-22484.967294 5586.582665 6.000000 3747.494549 
-22486.335571 5576.789078 6.000000 3747.722595 
-22481.385187 5570.783066 6.000000 3746.897531 
-22482.450744 5599.825651 6.000000 3747.075124 
-22482.134244 5573.934870 6.000000 3747.022374 
-22485.328247 5579.061623 6.000000 3747.554708 
-22487.194317 5551.628758 6.000000 3747.865719 
-22480.457357 5578.060621 6.000000 3746.742893 
-22484.240230 5565.385772 6.000000 3747.373372 
-22485.731325 5593.968437 6.000000 3747.621888 
-22484.551589 5567.374248 6.000000 3747.425265 
-22487.973391 5577.262525 6.000000 3747.995565 
-22485.383032 5577.722445 6.000000 3747.563839 
-22483.819785 5574.895291 6.000000 3747.303297 
-22482.842728 5567.103707 6.000000 3747.140455 
-22484.250951 5575.355210 6.000000 3747.375159 
-22486.875839 5545.027555 6.000000 3747.812640 
-22481.937696 5598.229459 6.000000 3746.989616 
-22486.119372 5576.789078 6.000000 3747.686562 
-22482.304749 5601.543587 6.000000 3747.050791 
-22483.259954 5568.118236 6.000000 3747.209992 
-22479.983133 5583.769038 6.000000 3746.663856 
-22486.597583 5579.494489 6.000000 3747.766264 
-22483.265830 5587.056112 6.000000 3747.210972 
-22483.667360 5583.593186 6.000000 3747.277893 
-22483.265830 5587.056112 6.000000 3747.210972 
-22484.634335 5598.500000 6.000000 3747.439056 
-22484.505987 5597.620741 6.000000 3747.417664 
-22477.133487 5592.683367 6.000000 3746.188915 
-22483.150225 5598.824649 6.000000 3747.191704 
-22489.887706 5556.944890 6.000000 3748.314618 
-22479.311559 5607.995992 6.000000 3746.551927 
-22484.622509 5591.060120 6.000000 3747.437085 
-22484.099573 5582.997996 6.000000 3747.349929 
-22477.591170 5584.742986 6.000000 3746.265195 
-22482.665076 5611.648297 6.000000 3747.110846 
-22490.614064 5532.082164 6.000000 3748.435677 
-22482.470373 5547.381263 6.000000 3747.078396 
-22485.056178 5583.566132 6.000000 3747.509363 
-22484.501068 5578.128257 6.000000 3747.416845 
-22485.614085 5589.058116 6.000000 3747.602348 
-22484.242632 5609.402806 6.000000 3747.373772 
-22483.344242 5579.480962 6.000000 3747.224040 
-22482.677714 5608.861723 6.000000 3747.112952 
-22481.738019 5580.711924 6.000000 3746.956336 
-22488.054366 5548.409319 6.000000 3748.009061 
-22478.357738 5596.403307 6.000000 3746.392956 
-22484.134954 5579.061623 6.000000 3747.355826 
-22481.900489 5613.880261 6.000000 3746.983415 
-22481.857166 5614.123747 6.000000 3746.976194 
-22483.417214 5579.413327 6.000000 3747.236202 
-22486.163888 5540.171343 6.000000 3747.693981 
-22485.717306 5585.243487 6.000000 3747.619551 
-22481.839178 5617.519038 6.000000 3746.973196 
-22483.140599 5556.214429 6.000000 3747.190100 
-22481.199914 5589.842685 6.000000 3746.866652 
-22482.763332 5593.021543 6.000000 3747.127222 
-22479.628404 5589.883267 6.000000 3746.604734 
-22485.664053 5581.915832 6.000000 3747.610676 
-22482.397388 5598.527054 6.000000 3747.066231 
-22486.391484 5578.182365 6.000000 3747.731914 
-22486.494838 5568.375251 6.000000 3747.749140 
-22484.102416 5547.557114 6.000000 3747.350403 
-22484.580047 5568.388778 6.000000 3747.430008 
-22474.269511 5605.818136 6.000000 3745.711585 
-22485.661043 5565.412826 6.000000 3747.610174 
-22476.970552 5596.511523 6.000000 3746.161759 
-22483.167654 5593.711423 6.000000 3747.194609 
-22484.412994 5592.047595 6.000000 3747.402166 
-22483.518455 5572.568637 6.000000 3747.253076 
-22483.790253 5587.691884 6.000000 3747.298376 
-22479.536701 5574.097194 6.000000 3746.589450 
-22482.439865 5581.739980 6.000000 3747.073311 
-22481.702751 5621.441884 6.000000 3746.950459 
-22487.700735 5585.311122 6.000000 3747.950122 
-22482.278122 5602.882766 6.000000 3747.046354 
-22487.656572 5563.424349 6.000000 3747.942762 
-22485.377681 5550.289579 6.000000 3747.562947 
-22477.240751 5619.723948 6.000000 3746.206792 
-22486.712256 5570.039078 6.000000 3747.785376 
-22483.530299 5569.213928 6.000000 3747.255050 
-22486.790052 5566.887275 6.000000 3747.798342 
-22485.657905 5603.951403 6.000000 3747.609651 
-22484.959670 5574.489479 6.000000 3747.493278 
-22482.281563 5604.911824 6.000000 3747.046927 
-22485.361537 5594.901804 6.000000 3747.560256 
-22483.164874 5581.117735 6.000000 3747.194146 
-22479.750469 5597.201403 6.000000 3746.625078 
-22482.450744 5599.825651 6.000000 3747.075124 
-22486.534263 5577.289579 6.000000 3747.755711 
-22484.771348 5560.164329 6.000000 3747.461891 
-22480.703701 5582.686874 6.000000 3746.783950 
-22484.372930 5595.713427 6.000000 3747.395488 
-22484.410673 5594.942385 6.000000 3747.401779 
-22482.411865 5595.226453 6.000000 3747.068644 
-22483.353167 5589.342184 6.000000 3747.225528 
-22485.390993 5568.172345 6.000000 3747.565165 
-22481.178857 5594.942385 6.000000 3746.863143 
-22481.183959 5586.704409 6.000000 3746.863993 
-22484.217816 5574.665331 6.000000 3747.369636 
-22484.407882 5599.203407 6.000000 3747.401314 
-22476.166733 5622.361723 6.000000 3746.027789 
-22480.228907 5595.402305 6.000000 3746.704818 
-22489.989912 5569.484469 6.000000 3748.331652 
-22481.907039 5580.982465 6.000000 3746.984506 
-22483.642627 5576.085671 6.000000 3747.273771 
-22482.476075 5593.643788 6.000000 3747.079346 
-22482.504919 5596.700902 6.000000 3747.084153 
-22483.556540 5560.259018 6.000000 3747.259423 
-22483.158015 5551.439379 6.000000 3747.193002 
-22490.594112 5526.292585 6.000000 3748.432352 
-22486.290880 5588.462926 6.000000 3747.715147 
-22483.103446 5595.294088 6.000000 3747.183908 
-22481.990511 5566.981964 6.000000 3746.998419 
-22487.416194 5542.011022 6.000000 3747.902699 
-22482.351804 5579.332164 6.000000 3747.058634 
-22484.601442 5555.037575 6.000000 3747.433574 
-22483.203935 5564.006012 6.000000 3747.200656 
-22485.098445 5559.163327 6.000000 3747.516408 
-22482.709593 5564.317134 6.000000 3747.118266 
-22478.866019 5586.677355 6.000000 3746.477670 
-22481.539915 5605.696393 6.000000 3746.923319 
-22483.466804 5587.069639 6.000000 3747.244467 
-22484.192004 5547.489479 6.000000 3747.365334 
-22486.295324 5549.991984 6.000000 3747.715887 
-22483.945170 5572.081663 6.000000 3747.324195 
-22481.146190 5579.345691 6.000000 3746.857698 
-22484.331155 5563.911323 6.000000 3747.388526 
-22483.003100 5598.554108 6.000000 3747.167183 
-22481.014613 5600.407315 6.000000 3746.835769 
-22485.641526 5593.386774 6.000000 3747.606921 
-22483.575019 5586.433868 6.000000 3747.262503 
-22487.607158 5573.109719 6.000000 3747.934526 
-22483.510154 5589.883267 6.000000 3747.251692 
-22483.794549 5600.258517 6.000000 3747.299092 
-22481.393380 5565.642786 6.000000 3746.898897 
-22482.504919 5596.700902 6.000000 3747.084153 
-22483.709305 5554.902305 6.000000 3747.284884 
-22482.188801 5608.969940 6.000000 3747.031467 
-22484.187353 5546.894289 6.000000 3747.364559 
-22483.822827 5546.272044 6.000000 3747.303805 
-22480.534341 5570.999499 6.000000 3746.755724 
-22482.407423 5600.069138 6.000000 3747.067904 
-22483.574999 5581.307114 6.000000 3747.262500 
-22485.320712 5544.851703 6.000000 3747.553452 
-22485.824437 5567.279559 6.000000 3747.637406 
-22482.115176 5595.172345 6.000000 3747.019196 
-22472.048002 5613.487976 6.000000 3745.341334 
-22482.123798 5585.378758 6.000000 3747.020633 
-22484.758770 5600.677856 6.000000 3747.459795 
-22484.188734 5582.254008 6.000000 3747.364789 
-22481.972197 5570.593687 6.000000 3746.995366 
-22485.670538 5530.458918 6.000000 3747.611756 
-22485.005821 5581.658818 6.000000 3747.500970 
-22486.176873 5586.325651 6.000000 3747.696145 
-22483.749770 5586.352705 6.000000 3747.291628 
-22485.915031 5567.658317 6.000000 3747.652505 
-22486.083007 5572.947395 6.000000 3747.680501 
-22487.178975 5567.685371 6.000000 3747.863162 
-22491.336979 5560.002004 6.000000 3748.556163 
-22483.565025 5585.838677 6.000000 3747.260838 
-22481.432003 5595.267034 6.000000 3746.905334 
-22483.873425 5573.177355 6.000000 3747.312237 
-22483.300638 5570.093186 6.000000 3747.216773 
-22484.103520 5538.223447 6.000000 3747.350587 
-22483.645228 5568.199399 6.000000 3747.274205 
-22485.356180 5562.883267 6.000000 3747.559363 
-22482.424117 5601.164830 6.000000 3747.070686 
-22476.308596 5625.675852 6.000000 3746.051433 
-22479.250467 5607.224950 6.000000 3746.541745 
-22483.559070 5558.432866 6.000000 3747.259845 
-22486.632482 5584.851202 6.000000 3747.772080 
-22484.504263 5557.851202 6.000000 3747.417377 
-22484.992983 5560.137275 6.000000 3747.498830 
-22484.352821 5547.056613 6.000000 3747.392137 
-22482.681603 5581.496493 6.000000 3747.113601 
-22484.595634 5605.588176 6.000000 3747.432606 
-22485.378003 5593.562625 6.000000 3747.563001 
-22477.346777 5609.903307 6.000000 3746.224463 
-22487.771535 5572.325150 6.000000 3747.961922 
-22485.140430 5536.613727 6.000000 3747.523405 
-22484.271633 5564.033066 6.000000 3747.378605 
-22482.894866 5605.736974 6.000000 3747.149144 
-22482.504919 5596.700902 6.000000 3747.084153 
-22481.047994 5598.337675 6.000000 3746.841332 
-22486.020549 5570.783066 6.000000 3747.670092 
-22483.687024 5602.084669 6.000000 3747.281171 
-22486.241797 5582.646293 6.000000 3747.706966 
-22483.857670 5556.674349 6.000000 3747.309612 
-22486.135754 5545.000501 6.000000 3747.689292 
-22482.102575 5608.280060 6.000000 3747.017096 
-22484.441447 5548.044088 6.000000 3747.406908 
-22481.703717 5577.181363 6.000000 3746.950619 
-22489.103886 5568.726954 6.000000 3748.183981 
-22486.862056 5579.318637 6.000000 3747.810343 
-22482.238242 5605.155311 6.000000 3747.039707 
-22483.509568 5572.744489 6.000000 3747.251595 
-22484.237236 5588.030060 6.000000 3747.372873 
-22487.356601 5540.293086 6.000000 3747.892767 
-22486.350933 5536.099699 6.000000 3747.725155 
-22485.873681 5552.075150 6.000000 3747.645614 
-22477.737393 5598.770541 6.000000 3746.289565 
-22487.973391 5577.262525 6.000000 3747.995565 
-22485.113944 5558.852204 6.000000 3747.518991 
-22483.958954 5586.758517 6.000000 3747.326492 
-22486.082329 5598.905812 6.000000 3747.680388 
-22484.102108 5571.121242 6.000000 3747.350351 
-22479.871491 5578.926353 6.000000 3746.645249 
-22481.887619 5562.707415 6.000000 3746.981270 
-22482.539109 5596.592685 6.000000 3747.089852 
-22476.801444 5627.272044 6.000000 3746.133574 
-22484.526371 5548.504008 6.000000 3747.421062 
-22483.022563 5574.489479 6.000000 3747.170427 
-22485.919083 5545.027555 6.000000 3747.653180 
-22486.901871 5575.368737 6.000000 3747.816978 
-22488.775132 5565.994489 6.000000 3748.129189 
-22488.330388 5535.707415 6.000000 3748.055065 
-22473.382167 5621.820641 6.000000 3745.563695 
-22488.121528 5563.113226 6.000000 3748.020255 
-22482.526546 5597.363727 6.000000 3747.087758 
-22483.974648 5558.527555 6.000000 3747.329108 
-22482.281563 5604.911824 6.000000 3747.046927 
-22484.412993 5559.880261 6.000000 3747.402165 
-22485.342652 5540.753006 6.000000 3747.557109 
-22484.532216 5553.928357 6.000000 3747.422036 
-22482.728967 5577.763026 6.000000 3747.121494 
-22484.804262 5591.844689 6.000000 3747.467377 
-22481.136587 5597.187876 6.000000 3746.856098 
-22483.239204 5588.395291 6.000000 3747.206534 
-22482.529792 5569.768537 6.000000 3747.088299 
-22483.968036 5558.662826 6.000000 3747.328006 
-22483.677428 5576.937876 6.000000 3747.279571 
-22481.470181 5569.984970 6.000000 3746.911697 
-22483.262438 5567.306613 6.000000 3747.210406 
-22471.776631 5647.616733 6.000000 3745.296105 
-22486.665699 5586.217435 6.000000 3747.777616 
-22490.420899 5546.488477 6.000000 3748.403483 
-22482.308530 5603.951403 6.000000 3747.051422 
-22478.031296 5572.703908 6.000000 3746.338549 
-22489.092955 5558.568136 6.000000 3748.182159 
-22483.127040 5602.192886 6.000000 3747.187840 
-22483.265830 5587.056112 6.000000 3747.210972 
-22485.330351 5555.132265 6.000000 3747.555059 
-22484.192840 5562.031062 6.000000 3747.365473 
-22482.461598 5596.944389 6.000000 3747.076933 
-22483.210974 5593.467936 6.000000 3747.201829 
-22490.746100 5560.935371 6.000000 3748.457683 
-22484.877514 5580.549599 6.000000 3747.479586 
-22485.680722 5590.194389 6.000000 3747.613454 
-22488.473623 5565.778056 6.000000 3748.078937 
-22486.665699 5586.217435 6.000000 3747.777616 
-22478.260919 5605.507014 6.000000 3746.376820 
-22486.966798 5523.979459 6.000000 3747.827800 
-22482.696147 5593.981964 6.000000 3747.116024 
-22482.269706 5608.482966 6.000000 3747.044951 
-22484.764312 5562.504509 6.000000 3747.460719 
-22481.494454 5575.044088 6.000000 3746.915742 
-22487.214473 5545.758016 6.000000 3747.869079 
-22482.805183 5592.196393 6.000000 3747.134197 
-22484.082019 5599.771543 6.000000 3747.347003 
-22485.194044 5582.226954 6.000000 3747.532341 
-22485.308814 5598.067134 6.000000 3747.551469 
-22488.176347 5566.616733 6.000000 3748.029391 
-22485.802304 5591.154810 6.000000 3747.633717 
-22481.928037 5612.094689 6.000000 3746.988006 
-22483.637378 5584.296593 6.000000 3747.272896 
-22490.243814 5551.736974 6.000000 3748.373969 
-22483.183191 5575.084669 6.000000 3747.197199 
-22481.014613 5600.407315 6.000000 3746.835769 
-22483.122911 5574.584168 6.000000 3747.187152 
-22484.828901 5544.500000 6.000000 3747.471484 
-22485.042498 5541.023547 6.000000 3747.507083 
-22482.397388 5598.527054 6.000000 3747.066231 
-22488.264332 5536.005010 6.000000 3748.044055 
-22484.651964 5553.319639 6.000000 3747.441994 
-22485.388941 5570.972445 6.000000 3747.564823 
-22487.807926 5555.781563 6.000000 3747.967988 
-22480.366255 5575.788076 6.000000 3746.727709 
-22486.050267 5546.447896 6.000000 3747.675045 
-22484.556816 5551.926353 6.000000 3747.426136 
-22482.979682 5603.978457 6.000000 3747.163280 
-22478.718065 5614.556613 6.000000 3746.453011 
-22487.876941 5527.915832 6.000000 3747.979490 
-22483.271326 5567.130762 6.000000 3747.211888 
-22481.278516 5584.445391 6.000000 3746.879753 
-22484.363167 5564.750000 6.000000 3747.393861 
-22481.911342 5610.998998 6.000000 3746.985224 
-22484.911812 5566.278557 6.000000 3747.485302 
-22484.101763 5567.374248 6.000000 3747.350294 
-22485.256979 5568.916333 6.000000 3747.542830 
-22486.471935 5557.702405 6.000000 3747.745323 
-22483.730416 5582.078156 6.000000 3747.288403 
-22482.278122 5602.882766 6.000000 3747.046354 
-22482.590360 5570.269038 6.000000 3747.098393 
-22483.057148 5600.163828 6.000000 3747.176191 
-22483.636040 5579.548597 6.000000 3747.272673 
-22486.198898 5561.801102 6.000000 3747.699816 
-22485.555956 5550.641283 6.000000 3747.592659 
-22479.604660 5567.320140 6.000000 3746.600777 
-22483.208637 5589.856212 6.000000 3747.201439 
-22485.206474 5585.013527 6.000000 3747.534412 
-22484.856031 5588.408818 6.000000 3747.476005 
-22485.149283 5582.429860 6.000000 3747.524880 
-22486.269546 5554.090681 6.000000 3747.711591 
-22488.934415 5572.379259 6.000000 3748.155736 
-22487.941581 5580.319639 6.000000 3747.990264 
-22484.282868 5554.739980 6.000000 3747.380478 
-22485.105607 5576.559118 6.000000 3747.517601 
-22481.014613 5600.407315 6.000000 3746.835769 
-22482.512641 5570.796593 6.000000 3747.085440 
-22486.131120 5583.850200 6.000000 3747.688520 
-22485.131542 5536.789579 6.000000 3747.521924 
-22482.315183 5558.933367 6.000000 3747.052531 
-22476.735242 5589.734469 6.000000 3746.122540 
-22484.326429 5560.137275 6.000000 3747.387738 
-22487.398620 5583.552605 6.000000 3747.899770 
-22483.974495 5601.597695 6.000000 3747.329083 
-22485.378003 5593.562625 6.000000 3747.563001 
-22484.039221 5551.736974 6.000000 3747.339870 
-22484.200521 5580.590180 6.000000 3747.366753 
-22484.931163 5568.970441 6.000000 3747.488527 
-22484.671623 5580.360220 6.000000 3747.445270 
-22485.190158 5583.484970 6.000000 3747.531693 
-22484.677359 5603.356212 6.000000 3747.446226 
-22482.308530 5603.951403 6.000000 3747.051422 
-22477.390785 5598.324148 6.000000 3746.231797 
-22487.736304 5533.380762 6.000000 3747.956051 
-22481.141897 5608.104208 6.000000 3746.856983 
-22482.558987 5579.075150 6.000000 3747.093165 
-22481.829233 5571.026553 6.000000 3746.971539 
-22487.771372 5577.059619 6.000000 3747.961895 
-22482.513849 5575.517535 6.000000 3747.085641 
-22483.222510 5587.299599 6.000000 3747.203752 
-22483.269486 5594.468938 6.000000 3747.211581 
-22483.999875 5577.735972 6.000000 3747.333313 
-22490.573398 5565.507515 6.000000 3748.428900 
-22484.128026 5573.272044 6.000000 3747.354671 
-22484.004073 5548.382265 6.000000 3747.334012 
-22490.120728 5533.272545 6.000000 3748.353455 
-22484.182226 5591.925852 6.000000 3747.363704 
-22486.253627 5591.006012 6.000000 3747.708938 
-22486.847089 5576.707916 6.000000 3747.807848 
-22480.332327 5582.849198 6.000000 3746.722055 
-22487.803395 5559.258016 6.000000 3747.967233 
-22484.398474 5602.125251 6.000000 3747.399746 
-22480.415936 5590.113226 6.000000 3746.735989 
-22487.047936 5534.030060 6.000000 3747.841323 
-22483.127040 5602.192886 6.000000 3747.187840 
-22483.975516 5591.235972 6.000000 3747.329253 
-22484.413943 5601.503006 6.000000 3747.402324 
-22483.882312 5573.001503 6.000000 3747.313719 
-22473.304916 5620.089178 6.000000 3745.550819 
-22481.929032 5561.936373 6.000000 3746.988172 
-22478.601796 5578.628758 6.000000 3746.433633 
-22484.344261 5572.649800 6.000000 3747.390710 
-22475.178375 5600.664329 6.000000 3745.863063 
-22484.848615 5555.226954 6.000000 3747.474769 
-22481.954665 5610.755511 6.000000 3746.992444 
-22481.819932 5586.474449 6.000000 3746.969989 
-22483.077721 5605.222946 6.000000 3747.179620 
-22481.744772 5593.129760 6.000000 3746.957462 
-22484.078103 5594.658317 6.000000 3747.346351 
-22484.834865 5565.291082 6.000000 3747.472478 
-22485.151963 5552.480962 6.000000 3747.525327 
-22481.174051 5581.983467 6.000000 3746.862342 
-22474.392052 5607.563126 6.000000 3745.732009 
-22479.299062 5579.196894 6.000000 3746.549844 
-22485.240088 5602.219940 6.000000 3747.540015 
-22491.301309 5528.416333 6.000000 3748.550218 
-22482.629803 5551.615230 6.000000 3747.104967 
-22487.248320 5562.315130 6.000000 3747.874720 
-22487.690486 5577.546593 6.000000 3747.948414 
-22486.788759 5556.647295 6.000000 3747.798126 
-22486.851031 5590.721944 6.000000 3747.808505 
-22483.338690 5592.642786 6.000000 3747.223115 
-22482.953458 5592.994489 6.000000 3747.158910 
-22482.799205 5579.792084 6.000000 3747.133201 
-22486.194250 5581.253006 6.000000 3747.699042 
-22482.958485 5574.814128 6.000000 3747.159747 
-22482.200387 5606.156313 6.000000 3747.033398 
-22482.478292 5598.040080 6.000000 3747.079715 
-22484.958076 5585.148798 6.000000 3747.493013 
