-85908.609363 8121.808617 9.000000 9545.401040 
-95394.902615 8042.837675 10.000000 9539.490262 
-85941.326582 8011.170842 9.000000 9549.036287 
-85931.056894 7948.662325 9.000000 9547.895210 
-85917.465860 7983.589178 9.000000 9546.385096 
-95352.447620 7976.703908 10.000000 9535.244762 
-85942.841715 7896.312625 9.000000 9549.204635 
-85932.125776 7974.160822 9.000000 9548.013975 
-85907.953275 8135.254509 9.000000 9545.328142 
-85968.542248 8008.533066 9.000000 9552.060250 
-95393.626988 7968.290080 10.000000 9539.362699 
-85928.914861 7959.308116 9.000000 9547.657207 
-85969.822035 7845.369739 9.000000 9552.202448 
-95404.781374 8055.255511 10.000000 9540.478137 
-85944.169221 7916.697896 9.000000 9549.352136 
-95330.656782 8172.088677 10.000000 9533.065678 
-85935.187960 7967.302605 9.000000 9548.354218 
-85914.561635 8072.975952 9.000000 9546.062404 
-104461.490329 7987.539078 11.000000 9496.499121 
-85935.285983 7893.444890 9.000000 9548.365109 
-85942.467296 7812.985972 9.000000 9549.163033 
-85941.467529 7944.374248 9.000000 9549.051948 
-85947.192807 7860.249499 9.000000 9549.688090 
-95356.750021 8002.635271 10.000000 9535.675002 
-85944.034323 7897.151303 9.000000 9549.337147 
-85963.126576 7839.918337 9.000000 9551.458508 
-85928.259336 8054.132766 9.000000 9547.584371 
-85933.678033 7960.241483 9.000000 9548.186448 
-85965.441109 7836.211924 9.000000 9551.715679 
-85920.586200 8139.285571 9.000000 9546.731800 
-85965.836983 7880.851202 9.000000 9551.759665 
-86002.925932 7876.481964 9.000000 9555.880659 
-85966.316808 7882.366232 9.000000 9551.812979 
-85929.065905 7998.969439 9.000000 9547.673989 
-95385.320555 8054.538577 10.000000 9538.532055 
-95360.797106 8031.123246 10.000000 9536.079711 
-85948.668316 7942.818637 9.000000 9549.852035 
-85943.326584 8015.256012 9.000000 9549.258509 
-85953.739389 8039.685872 9.000000 9550.415488 
-95401.484768 7923.637275 10.000000 9540.148477 
-95379.135926 8063.953407 10.000000 9537.913593 
-85941.349369 7849.806613 9.000000 9549.038819 
-85941.709771 7917.942385 9.000000 9549.078863 
-85944.742538 7997.657315 9.000000 9549.415838 
-85959.656559 7864.902806 9.000000 9551.072951 
-85934.694469 7983.589178 9.000000 9548.299385 
-85970.049465 7866.904810 9.000000 9552.227718 
-85937.903934 7907.729459 9.000000 9548.655993 
-85971.260946 7809.712425 9.000000 9552.362327 
-85931.767729 8027.024549 9.000000 9547.974192 
-85935.338888 8022.357715 9.000000 9548.370988 
-85922.584615 7929.616232 9.000000 9546.953846 
-85940.007102 8035.519539 9.000000 9548.889678 
-95403.546565 7949.852705 10.000000 9540.354656 
-85933.887634 7931.739980 9.000000 9548.209737 
-85923.544436 7980.302104 9.000000 9547.060493 
-85948.152032 8044.731463 9.000000 9549.794670 
-95403.080460 7941.763527 10.000000 9540.308046 
-85941.917537 7916.278557 9.000000 9549.101949 
-85978.516742 7980.559118 9.000000 9553.168527 
-85948.675686 7976.460421 9.000000 9549.852854 
-85934.970491 8057.690381 9.000000 9548.330055 
-95368.463348 7984.008517 10.000000 9536.846335 
-85965.837862 7968.750000 9.000000 9551.759762 
-85959.643825 7826.648297 9.000000 9551.071536 
-95370.154717 8035.911824 10.000000 9537.015472 
-85938.510609 7907.648297 9.000000 9548.723401 
-85938.100290 8017.285070 9.000000 9548.677810 
-85939.951421 7854.189379 9.000000 9548.883491 
-85954.417374 8005.611222 9.000000 9550.490819 
-95392.489771 8000.836172 10.000000 9539.248977 
-85971.851044 7845.342685 9.000000 9552.427894 
-85931.344444 8054.525050 9.000000 9547.927160 
-85946.374224 7969.291082 9.000000 9549.597136 
-85922.634344 8057.636273 9.000000 9546.959372 
-85939.138798 7942.926854 9.000000 9548.793200 
-95391.072221 7989.649299 10.000000 9539.107222 
-85928.112686 8061.247996 9.000000 9547.568076 
-85947.942986 7989.581663 9.000000 9549.771443 
-85913.088172 8136.810120 9.000000 9545.898686 
-95351.465198 7940.302605 10.000000 9535.146520 
-85943.780590 7960.255010 9.000000 9549.308954 
-85957.677508 7936.460922 9.000000 9550.853056 
-95396.580837 8116.181363 10.000000 9539.658084 
-85945.204316 7936.907315 9.000000 9549.467146 
-85920.993460 8075.667836 9.000000 9546.777051 
-85977.756586 7858.747996 9.000000 9553.084065 
-95395.138012 7967.018537 10.000000 9539.513801 
-95404.232452 7883.056112 10.000000 9540.423245 
-95361.878147 7959.159319 10.000000 9536.187815 
-95368.861936 7943.237976 10.000000 9536.886194 
-85943.246448 7964.164329 9.000000 9549.249605 
-85954.101471 8003.812124 9.000000 9550.455719 
-85947.527961 7945.334669 9.000000 9549.725329 
-85946.899403 7944.144289 9.000000 9549.655489 
-85952.901951 7932.118737 9.000000 9550.322439 
-95337.715579 8058.461423 10.000000 9533.771558 
-85940.500929 7828.474449 9.000000 9548.944548 
-95408.198266 8021.221443 10.000000 9540.819827 
-85947.711508 8068.944890 9.000000 9549.745723 
-85924.154072 7931.225952 9.000000 9547.128230 
-85940.836893 7896.285571 9.000000 9548.981877 
-85926.778250 8107.388778 9.000000 9547.419806 
-85965.334107 8050.913327 9.000000 9551.703790 
-85942.590725 7984.928357 9.000000 9549.176747 
-85918.212325 7997.454409 9.000000 9546.468036 
-85937.616805 7883.854208 9.000000 9548.624089 
-85920.547923 8117.141784 9.000000 9546.727547 
-85911.029501 8052.022545 9.000000 9545.669945 
-104360.490461 7994.424349 11.000000 9487.317315 
-85934.783640 8045.745992 9.000000 9548.309293 
-85951.402019 7968.249499 9.000000 9550.155780 
-95398.560215 7903.711924 10.000000 9539.856021 
-95393.439882 8005.827655 10.000000 9539.343988 
-95360.636673 8003.514529 10.000000 9536.063667 
-85980.738641 7860.276553 9.000000 9553.415405 
-85919.329833 8025.969439 9.000000 9546.592204 
-95421.644626 7975.310621 10.000000 9542.164463 
-95388.182736 8000.849699 10.000000 9538.818274 
-85962.451414 7967.437876 9.000000 9551.383490 
-85955.610128 7903.306112 9.000000 9550.623348 
-95367.635346 7923.853707 10.000000 9536.763535 
-85959.923266 7988.404810 9.000000 9551.102585 
-85941.525289 7933.620240 9.000000 9549.058365 
-95353.658962 7929.954409 10.000000 9535.365896 
-85941.621487 8006.612224 9.000000 9549.069054 
-95378.180083 7884.111222 10.000000 9537.818008 
-85930.626662 8015.350701 9.000000 9547.847407 
-95389.810800 7940.803106 10.000000 9538.981080 
-95349.965510 7917.725952 10.000000 9534.996551 
-95380.971544 8139.285571 10.000000 9538.097154 
-85955.689570 7956.846192 9.000000 9550.632174 
-95390.693173 8001.810120 10.000000 9539.069317 
-85959.473210 7889.765531 9.000000 9551.052579 
-95414.150909 8103.871743 10.000000 9541.415091 
-85929.902598 8001.566633 9.000000 9547.766955 
-85920.504222 8070.554609 9.000000 9546.722691 
-85921.659330 8053.294088 9.000000 9546.851037 
-85919.317104 8086.692385 9.000000 9546.590789 
-85939.371412 7920.715431 9.000000 9548.819046 
-85936.574768 7852.782565 9.000000 9548.508308 
-85940.298602 7941.709419 9.000000 9548.922067 
-85930.701995 7967.667836 9.000000 9547.855777 
-85940.684291 7955.885772 9.000000 9548.964921 
-85945.438917 8021.086172 9.000000 9549.493213 
-85924.485576 8096.093687 9.000000 9547.165064 
-85915.251046 8013.335170 9.000000 9546.139005 
-85940.399815 7932.943888 9.000000 9548.933313 
-85940.010618 7975.878758 9.000000 9548.890069 
-85990.360411 7836.211924 9.000000 9554.484490 
-85958.678190 7998.536573 9.000000 9550.964243 
-95437.900214 7924.340681 10.000000 9543.790021 
-95391.636252 8170.654810 10.000000 9539.163625 
-85920.966741 8040.294589 9.000000 9546.774082 
-85924.742658 8074.856212 9.000000 9547.193629 
-85918.465826 8079.577154 9.000000 9546.496203 
-85966.772657 7848.156313 9.000000 9551.863629 
-85930.398776 8092.346693 9.000000 9547.822086 
-85958.881432 7882.623246 9.000000 9550.986826 
-85961.923535 7848.616232 9.000000 9551.324837 
-85983.217168 7952.842184 9.000000 9553.690796 
-85957.939979 7963.176854 9.000000 9550.882220 
-85951.524206 7892.957916 9.000000 9550.169356 
-85933.338588 8011.657816 9.000000 9548.148732 
-85937.953243 8024.265030 9.000000 9548.661471 
-85921.593746 8046.003006 9.000000 9546.843750 
-95464.949626 7892.308617 10.000000 9546.494963 
-85938.635093 7972.578156 9.000000 9548.737233 
-95343.148518 8241.009018 10.000000 9534.314852 
-85922.776484 8011.495491 9.000000 9546.975165 
-95346.047304 8100.625251 10.000000 9534.604730 
-95356.093483 8053.145291 10.000000 9535.609348 
-95422.698285 7873.235471 10.000000 9542.269829 
-95367.889630 8061.680862 10.000000 9536.788963 
-95425.965091 7905.281062 10.000000 9542.596509 
-95405.211484 7870.286573 10.000000 9540.521148 
-85937.817114 7905.754509 9.000000 9548.646346 
-85959.768862 8001.458417 9.000000 9551.085429 
-85953.745380 7950.326152 9.000000 9550.416153 
-95412.766617 7977.772545 10.000000 9541.276662 
-85979.021911 7968.641784 9.000000 9553.224657 
-85930.059481 8037.332164 9.000000 9547.784387 
-104434.443726 7982.993988 11.000000 9494.040339 
-85943.921856 8005.340681 9.000000 9549.324651 
-95378.547538 8128.599198 10.000000 9537.854754 
-95414.021306 8001.553106 10.000000 9541.402131 
-85940.366095 7912.382766 9.000000 9548.929566 
-85932.961580 7945.023547 9.000000 9548.106842 
-85935.714164 7842.704910 9.000000 9548.412685 
-95402.707712 7988.066633 10.000000 9540.270771 
-85921.646072 7975.405311 9.000000 9546.849564 
-85941.438318 7908.419339 9.000000 9549.048702 
-85945.141270 7979.571643 9.000000 9549.460141 
-95379.951197 7901.966934 10.000000 9537.995120 
-85920.218420 8108.917335 9.000000 9546.690936 
-85956.637872 7937.177856 9.000000 9550.737541 
-85931.233948 7976.230461 9.000000 9547.914883 
-95369.980740 8191.554108 10.000000 9536.998074 
-85946.291754 7890.780060 9.000000 9549.587973 
-95398.809884 8040.294589 10.000000 9539.880988 
-85958.461452 7930.644289 9.000000 9550.940161 
-95421.211736 7882.474449 10.000000 9542.121174 
-85928.306348 8055.553106 9.000000 9547.589594 
-85941.765489 7895.893287 9.000000 9549.085054 
-95381.577432 7952.260521 10.000000 9538.157743 
-95365.839654 8021.059118 10.000000 9536.583965 
-85957.470739 7877.591182 9.000000 9550.830082 
-95368.948917 7962.595190 10.000000 9536.894892 
-85936.773864 8035.032565 9.000000 9548.530429 
-85945.966629 7941.871743 9.000000 9549.551848 
-95408.957579 7952.422846 10.000000 9540.895758 
-85930.087986 8013.308116 9.000000 9547.787554 
-95406.381726 8043.703407 10.000000 9540.638173 
-85920.795955 7990.203908 9.000000 9546.755106 
-85958.401808 8008.884770 9.000000 9550.933534 
-85940.966357 7976.068136 9.000000 9548.996262 
-95387.675694 7976.352204 10.000000 9538.767569 
-85954.978914 8010.873246 9.000000 9550.553213 
-95377.443347 7960.282064 10.000000 9537.744335 
-85933.273571 8053.131764 9.000000 9548.141508 
-85925.270822 8080.659319 9.000000 9547.252314 
-85951.762315 7806.181864 9.000000 9550.195813 
-85959.392827 7935.270541 9.000000 9551.043647 
-85942.909936 7869.542585 9.000000 9549.212215 
-85941.134711 7930.008517 9.000000 9549.014968 
-85940.961892 7963.163327 9.000000 9548.995766 
-85924.072572 8003.081663 9.000000 9547.119175 
-95394.531835 8058.204409 10.000000 9539.453184 
-85915.710991 8183.843687 9.000000 9546.190110 
-85949.999018 7945.848697 9.000000 9549.999891 
-85955.256803 7913.383768 9.000000 9550.584089 
-85933.434816 7988.756513 9.000000 9548.159424 
-85950.778565 8078.210922 9.000000 9550.086507 
-85930.101517 8010.616232 9.000000 9547.789057 
-95398.824277 8107.483467 10.000000 9539.882428 
-85938.888340 7988.553607 9.000000 9548.765371 
-95390.740154 8088.302104 10.000000 9539.074015 
-85987.878980 7864.185872 9.000000 9554.208776 
-85932.341993 7998.780060 9.000000 9548.037999 
-85955.036227 8125.839679 9.000000 9550.559581 
-95382.985785 8041.444389 10.000000 9538.298579 
-85921.114277 8035.073146 9.000000 9546.790475 
-85920.603568 7964.110220 9.000000 9546.733730 
-85936.622043 7917.563627 9.000000 9548.513560 
-95375.267191 8084.000501 10.000000 9537.526719 
-95407.221788 7948.554108 10.000000 9540.722179 
-85978.014679 7918.875752 9.000000 9553.112742 
-85955.612974 7840.256513 9.000000 9550.623664 
-85917.612547 7958.361222 9.000000 9546.401394 
-85926.374869 7943.062124 9.000000 9547.374985 
-85944.721106 8039.198898 9.000000 9549.413456 
-85941.116174 7899.586172 9.000000 9549.012908 
-85924.998079 7954.587174 9.000000 9547.222009 
-85943.868965 7997.102705 9.000000 9549.318774 
-85945.530051 8047.639780 9.000000 9549.503339 
-85948.444660 7920.958918 9.000000 9549.827184 
-85927.806395 7981.857715 9.000000 9547.534044 
-85927.671416 8020.856212 9.000000 9547.519046 
-85923.980012 8024.576152 9.000000 9547.108890 
-85929.051994 7969.507515 9.000000 9547.672444 
-95393.253990 8127.787575 10.000000 9539.325399 
-85957.290580 8019.909319 9.000000 9550.810064 
-95375.494501 8083.581162 10.000000 9537.549450 
-85936.483466 7895.487475 9.000000 9548.498163 
-86012.224626 7925.855711 9.000000 9556.913847 
-85950.118664 7933.146794 9.000000 9550.013185 
-95367.522410 8036.615230 10.000000 9536.752241 
-85931.902451 7978.841182 9.000000 9547.989161 
-95337.583631 8131.926854 10.000000 9533.758363 
-85908.670971 8127.422345 9.000000 9545.407886 
-85923.479686 8048.681363 9.000000 9547.053298 
-85949.521607 7907.553607 9.000000 9549.946845 
-95386.968325 8021.857214 10.000000 9538.696832 
-85932.656773 7990.731463 9.000000 9548.072975 
-95370.056216 7933.457916 10.000000 9537.005622 
-85952.884225 7923.407315 9.000000 9550.320469 
-85948.723873 7998.523046 9.000000 9549.858208 
-85944.433355 7898.679860 9.000000 9549.381484 
-85966.985331 7818.843186 9.000000 9551.887259 
-85923.305840 8003.514529 9.000000 9547.033982 
-85943.448079 7892.308617 9.000000 9549.272009 
-85968.105618 7913.884269 9.000000 9552.011735 
-85927.210882 7996.155812 9.000000 9547.467876 
-95399.570368 8008.154309 10.000000 9539.957037 
-85930.784562 7906.701403 9.000000 9547.864951 
-85940.099746 7957.400802 9.000000 9548.899972 
-95389.832724 7986.970942 10.000000 9538.983272 
-85942.256985 7879.728457 9.000000 9549.139665 
-95418.799847 7923.244990 10.000000 9541.879985 
-85930.931858 7944.320140 9.000000 9547.881318 
-85930.046845 8060.287575 9.000000 9547.782983 
-95378.252797 7979.436373 10.000000 9537.825280 
-85931.424530 7989.216433 9.000000 9547.936059 
-95374.229046 8073.692886 10.000000 9537.422905 
-85933.044866 7943.603206 9.000000 9548.116096 
-85908.761831 8014.539078 9.000000 9545.417981 
-85916.299485 8101.734469 9.000000 9546.255498 
-85935.635357 8062.073146 9.000000 9548.403929 
-85932.106383 8009.682866 9.000000 9548.011820 
-85945.260531 7897.800601 9.000000 9549.473392 
-85950.999019 7813.445892 9.000000 9550.111002 
-85935.214128 7949.920341 9.000000 9548.357125 
-85937.871932 7981.005511 9.000000 9548.652437 
-95427.058296 7943.427355 10.000000 9542.705830 
-85932.473775 8001.674850 9.000000 9548.052642 
-85948.099603 7993.220441 9.000000 9549.788845 
-85972.872488 7897.530060 9.000000 9552.541388 
-85956.636939 7905.186373 9.000000 9550.737438 
-85911.866385 8105.589679 9.000000 9545.762932 
-85980.033111 7899.518537 9.000000 9553.337012 
-85964.876324 7973.822645 9.000000 9551.652925 
-85952.891759 7932.226954 9.000000 9550.321307 
-85934.464088 8051.508517 9.000000 9548.273788 
-85948.459047 8020.977956 9.000000 9549.828783 
-85923.525073 8042.228958 9.000000 9547.058341 
-85922.814989 8044.880261 9.000000 9546.979443 
-85957.546592 7829.556613 9.000000 9550.838510 
-95417.032628 8001.093186 10.000000 9541.703263 
-85912.484335 8117.452906 9.000000 9545.831593 
-85941.840839 7890.076653 9.000000 9549.093427 
-95398.846653 7964.881263 10.000000 9539.884665 
-85973.183975 7941.141283 9.000000 9552.575997 
-95400.781296 8007.762024 10.000000 9540.078130 
-85937.813980 8006.882766 9.000000 9548.645998 
-95411.263828 7926.261523 10.000000 9541.126383 
-85916.769367 8095.620240 9.000000 9546.307707 
-85928.556549 7971.725952 9.000000 9547.617394 
-95393.547432 7953.640281 10.000000 9539.354743 
-95440.814512 7961.404810 10.000000 9544.081451 
-95425.792159 7883.570140 10.000000 9542.579216 
-85944.524231 7903.414329 9.000000 9549.391581 
-85950.396845 7948.026553 9.000000 9550.044094 
-85940.562337 7956.169840 9.000000 9548.951371 
-85949.508985 8061.748497 9.000000 9549.945443 
-85949.795292 7949.460421 9.000000 9549.977255 
-85958.175373 7971.807114 9.000000 9550.908375 
-85935.370147 7933.079158 9.000000 9548.374461 
-85973.123572 7883.745992 9.000000 9552.569286 
-85931.368155 7995.871743 9.000000 9547.929795 
-85918.154762 8056.757014 9.000000 9546.461640 
-95337.938152 8005.962926 10.000000 9533.793815 
-85956.883744 7889.332665 9.000000 9550.764860 
-85942.806761 7842.515531 9.000000 9549.200751 
-85953.635724 7973.430361 9.000000 9550.403969 
-95392.862303 8076.479459 10.000000 9539.286230 
-85974.991844 7837.104709 9.000000 9552.776872 
-85952.889541 7974.363727 9.000000 9550.321060 
-95425.425802 7840.554108 10.000000 9542.542580 
-85944.888431 8038.657816 9.000000 9549.432048 
-85921.971387 8053.781062 9.000000 9546.885710 
-85955.225857 7851.605711 9.000000 9550.580651 
-95424.964467 7904.171844 10.000000 9542.496447 
-85968.492585 7933.038577 9.000000 9552.054732 
-85952.738301 7956.900301 9.000000 9550.304256 
-85914.274559 8026.645792 9.000000 9546.030507 
-95333.130016 8047.896794 10.000000 9533.313002 
-85958.470139 7901.358216 9.000000 9550.941127 
-85952.627539 7912.869739 9.000000 9550.291949 
-85933.688928 7899.031563 9.000000 9548.187659 
-85936.683414 8045.948898 9.000000 9548.520379 
-95369.470912 8124.527555 10.000000 9536.947091 
-85952.823301 7944.076653 9.000000 9550.313700 
-95447.159262 7785.039078 10.000000 9544.715926 
-85944.616751 7977.285571 9.000000 9549.401861 
-85942.343097 7827.351703 9.000000 9549.149233 
-85944.327059 7988.269539 9.000000 9549.369673 
-85938.529302 7886.302605 9.000000 9548.725478 
-85917.463105 8040.429860 9.000000 9546.384789 
-85918.251053 8005.259519 9.000000 9546.472339 
-95373.955977 8270.457415 10.000000 9537.395598 
-85940.717348 7981.221944 9.000000 9548.968594 
-85941.221903 7931.050100 9.000000 9549.024656 
-95412.372669 8011.360220 10.000000 9541.237267 
-85969.146344 7971.915331 9.000000 9552.127372 
-85941.183867 8022.993487 9.000000 9549.020430 
-95373.398418 7900.844188 10.000000 9537.339842 
-95367.554366 8096.323647 10.000000 9536.755437 
-95413.095477 7960.796092 10.000000 9541.309548 
-85943.996855 7918.726954 9.000000 9549.332984 
-85934.859614 7990.312124 9.000000 9548.317735 
-95382.598305 8059.340681 10.000000 9538.259831 
-85935.836590 8022.087174 9.000000 9548.426288 
-85945.835310 7892.579158 9.000000 9549.537257 
-95401.817535 7908.703407 10.000000 9540.181753 
-95343.266396 8038.252004 10.000000 9534.326640 
-85946.291507 7924.083667 9.000000 9549.587945 
-85943.683283 8106.022545 9.000000 9549.298143 
-85939.570326 7967.667836 9.000000 9548.841147 
-95340.014290 8072.137275 10.000000 9534.001429 
-85923.819372 8078.711423 9.000000 9547.091041 
-95355.010662 7991.069639 10.000000 9535.501066 
-85942.212771 7971.820641 9.000000 9549.134752 
-95398.966076 7980.613226 10.000000 9539.896608 
-85948.193515 7926.599699 9.000000 9549.799279 
-85938.567805 8002.256513 9.000000 9548.729756 
-95354.308147 7928.452906 10.000000 9535.430815 
-85967.855779 7983.305110 9.000000 9551.983975 
-85944.802314 7827.486974 9.000000 9549.422479 
-85961.237048 7811.470942 9.000000 9551.248561 
-85929.829240 7997.657315 9.000000 9547.758804 
-85938.669976 7916.170341 9.000000 9548.741108 
-85917.712664 8018.610721 9.000000 9546.412518 
-85940.369702 7944.888277 9.000000 9548.929967 
-85931.722092 7947.052605 9.000000 9547.969121 
-85931.302366 7907.134269 9.000000 9547.922485 
-85935.195606 7970.752004 9.000000 9548.355067 
-85950.737654 8032.543587 9.000000 9550.081962 
-85940.560175 8077.629259 9.000000 9548.951131 
-85963.529448 7911.517034 9.000000 9551.503272 
-85924.621818 8024.806112 9.000000 9547.180202 
-95437.669334 7991.840681 10.000000 9543.766933 
-95354.794569 7930.238477 10.000000 9535.479457 
-85939.948618 7933.525551 9.000000 9548.883180 
-95373.647680 8010.034569 10.000000 9537.364768 
-85945.675138 7959.321643 9.000000 9549.519460 
-86040.856445 7811.173347 9.000000 9560.095161 
-85945.972606 7939.125752 9.000000 9549.552512 
-85941.685141 7880.256012 9.000000 9549.076127 
-85916.827769 8084.298096 9.000000 9546.314197 
-85939.408286 7960.282064 9.000000 9548.823143 
-95401.879475 7926.964930 10.000000 9540.187948 
-85932.786298 7918.118236 9.000000 9548.087366 
-85930.574053 8004.042084 9.000000 9547.841561 
-95389.086374 8037.251002 10.000000 9538.908637 
-95413.329048 7959.592184 10.000000 9541.332905 
-85976.937319 7849.738978 9.000000 9552.993035 
-85921.435389 8032.976453 9.000000 9546.826154 
-95355.944099 8053.699900 10.000000 9535.594410 
-85915.911531 8081.051603 9.000000 9546.212392 
-85915.157757 8029.811122 9.000000 9546.128640 
-85935.990011 7977.136774 9.000000 9548.443335 
-95519.105222 7849.928357 10.000000 9551.910522 
-85989.368639 7855.001002 9.000000 9554.374293 
-95410.657140 7937.002004 10.000000 9541.065714 
-85942.438035 7864.551102 9.000000 9549.159782 
-85943.219893 7831.896794 9.000000 9549.246655 
-85923.312074 8010.467435 9.000000 9547.034675 
-85949.986234 8042.026052 9.000000 9549.998470 
-85953.405992 7912.328657 9.000000 9550.378444 
-85975.074130 7871.693387 9.000000 9552.786014 
-85932.718103 8014.985471 9.000000 9548.079789 
-85979.997876 7811.362725 9.000000 9553.333097 
-85978.502855 7832.884269 9.000000 9553.166984 
-85931.821122 7950.704910 9.000000 9547.980125 
-85917.214563 8097.108216 9.000000 9546.357174 
-95376.768516 7969.521042 10.000000 9537.676852 
-85944.826268 7889.765531 9.000000 9549.425141 
-95472.495259 7846.641283 10.000000 9547.249526 
-85950.090325 7821.508016 9.000000 9550.010036 
-85942.663500 7981.654810 9.000000 9549.184833 
