-40333.651104 3389.207916 6.000000 6722.275184 
-40340.200738 3433.779559 6.000000 6723.366790 
-40320.075540 3432.453908 6.000000 6720.012590 
-40343.150963 3375.802605 6.000000 6723.858494 
-40330.734071 3401.882766 6.000000 6721.789012 
-40335.794025 3396.945391 6.000000 6722.632338 
-40310.459280 3459.007515 6.000000 6718.409880 
-40328.902782 3381.808617 6.000000 6721.483797 
-40340.970095 3390.722946 6.000000 6723.495016 
-40344.796003 3373.124248 6.000000 6724.132667 
-40324.062858 3419.467936 6.000000 6720.677143 
-40336.843281 3389.667836 6.000000 6722.807214 
-40337.025221 3376.844188 6.000000 6722.837537 
-40313.771922 3438.108216 6.000000 6718.961987 
-40335.982456 3354.605711 6.000000 6722.663743 
-40323.937287 3429.275050 6.000000 6720.656215 
-40317.928040 3438.189379 6.000000 6719.654673 
-40345.217122 3379.671343 6.000000 6724.202854 
-40340.802175 3335.153808 6.000000 6723.467029 
-40332.152791 3438.743988 6.000000 6722.025465 
-40343.294242 3344.176353 6.000000 6723.882374 
-40334.838058 3414.300601 6.000000 6722.473010 
-40329.408411 3371.284569 6.000000 6721.568069 
-40315.401960 3421.077655 6.000000 6719.233660 
-40323.549158 3402.369739 6.000000 6720.591526 
-40334.513047 3390.547094 6.000000 6722.418841 
-40330.547332 3381.078156 6.000000 6721.757889 
-40343.539688 3436.701403 6.000000 6723.923281 
-40333.427152 3363.019539 6.000000 6722.237859 
-40318.489131 3402.410321 6.000000 6719.748188 
-40327.140609 3427.516533 6.000000 6721.190101 
-40338.274178 3412.028056 6.000000 6723.045696 
-40336.316635 3395.132766 6.000000 6722.719439 
-40326.245042 3376.059619 6.000000 6721.040840 
-40334.036181 3402.099198 6.000000 6722.339364 
-40328.461895 3411.229960 6.000000 6721.410316 
-40319.160688 3439.041583 6.000000 6719.860115 
-40344.303620 3402.843186 6.000000 6724.050603 
-40344.657050 3353.496493 6.000000 6724.109508 
-40323.978852 3434.023046 6.000000 6720.663142 
-40331.371341 3398.203407 6.000000 6721.895224 
-40338.549803 3331.285070 6.000000 6723.091634 
-40345.203086 3351.494489 6.000000 6724.200514 
-40316.334874 3401.747495 6.000000 6719.389146 
-40345.677139 3435.375752 6.000000 6724.279523 
-40325.502915 3398.852705 6.000000 6720.917152 
-40328.691569 3424.148297 6.000000 6721.448595 
-40327.081594 3407.144790 6.000000 6721.180266 
-40348.086922 3389.059118 6.000000 6724.681154 
-40343.764189 3368.024549 6.000000 6723.960698 
-40327.718943 3423.620741 6.000000 6721.286491 
-40321.689924 3401.558116 6.000000 6720.281654 
-40345.317900 3308.234970 6.000000 6724.219650 
-40335.721056 3418.007014 6.000000 6722.620176 
-40338.264663 3362.600200 6.000000 6723.044110 
-40327.914852 3430.451904 6.000000 6721.319142 
-40328.113125 3435.172846 6.000000 6721.352188 
-40320.240731 3443.370240 6.000000 6720.040122 
-40334.631131 3422.240982 6.000000 6722.438522 
-40323.700926 3423.241984 6.000000 6720.616821 
-40343.069748 3404.520541 6.000000 6723.844958 
-40330.078057 3434.496493 6.000000 6721.679676 
-40331.121599 3407.320641 6.000000 6721.853600 
-40336.963878 3386.448397 6.000000 6722.827313 
-40317.596398 3428.111723 6.000000 6719.599400 
-40323.246339 3417.601202 6.000000 6720.541056 
-40336.929703 3357.892786 6.000000 6722.821617 
-40324.022417 3376.965932 6.000000 6720.670403 
-40306.296412 3439.704409 6.000000 6717.716069 
-40327.134329 3398.108717 6.000000 6721.189055 
-40333.201692 3373.800601 6.000000 6722.200282 
-40326.580235 3383.418337 6.000000 6721.096706 
-40315.615130 3390.506513 6.000000 6719.269188 
-40317.037831 3406.536072 6.000000 6719.506305 
-40317.123472 3394.808116 6.000000 6719.520579 
-40342.442219 3351.913828 6.000000 6723.740370 
-40337.619913 3378.846192 6.000000 6722.936652 
-40326.176341 3377.317635 6.000000 6721.029390 
-40338.971371 3380.685872 6.000000 6723.161895 
-40326.471183 3410.242485 6.000000 6721.078530 
-40336.065190 3411.500501 6.000000 6722.677532 
-40344.113321 3363.317134 6.000000 6724.018887 
-40341.448568 3387.043587 6.000000 6723.574761 
-40332.222891 3375.978457 6.000000 6722.037148 
-40337.199059 3361.085170 6.000000 6722.866510 
-40342.458175 3396.444890 6.000000 6723.743029 
-40337.838676 3372.988978 6.000000 6722.973113 
-40319.578837 3424.040080 6.000000 6719.929806 
-40330.014694 3385.298597 6.000000 6721.669116 
-40311.562784 3456.734970 6.000000 6718.593797 
-40330.098145 3431.425852 6.000000 6721.683024 
-40341.034103 3399.190882 6.000000 6723.505684 
-40344.592307 3384.879259 6.000000 6724.098718 
-40327.867760 3465.879259 6.000000 6721.311293 
-40343.149557 3356.891784 6.000000 6723.858260 
-40315.283874 3438.338176 6.000000 6719.213979 
-40324.456869 3396.931864 6.000000 6720.742811 
-40337.420422 3391.507515 6.000000 6722.903404 
-40342.765977 3363.195391 6.000000 6723.794329 
-40332.598756 3415.720942 6.000000 6722.099793 
-40335.221039 3389.884269 6.000000 6722.536840 
-40331.842587 3413.394289 6.000000 6721.973764 
-40341.288168 3376.803607 6.000000 6723.548028 
-40329.926519 3413.827154 6.000000 6721.654420 
-40331.728011 3392.481463 6.000000 6721.954668 
-40335.205533 3385.934369 6.000000 6722.534256 
-40332.182161 3425.703908 6.000000 6722.030360 
-40344.138890 3394.983968 6.000000 6724.023148 
-40341.477943 3387.287074 6.000000 6723.579657 
-40336.687076 3389.289078 6.000000 6722.781179 
-40320.022075 3439.258016 6.000000 6720.003679 
-40344.461574 3440.380762 6.000000 6724.076929 
-40348.824017 3319.205411 6.000000 6724.804003 
-40344.520209 3353.591182 6.000000 6724.086702 
-40344.883166 3334.193387 6.000000 6724.147194 
-40331.045389 3360.205912 6.000000 6721.840898 
-40336.678469 3363.912325 6.000000 6722.779745 
-40339.751592 3418.223447 6.000000 6723.291932 
-40333.493379 3376.086673 6.000000 6722.248897 
-40333.447500 3390.790581 6.000000 6722.241250 
-40307.741318 3425.041082 6.000000 6717.956886 
-40333.565882 3402.694389 6.000000 6722.260980 
-40344.083085 3407.794088 6.000000 6724.013848 
-40322.863690 3404.114729 6.000000 6720.477282 
-40331.152539 3382.200902 6.000000 6721.858757 
-40345.270068 3415.558617 6.000000 6724.211678 
-40319.192404 3454.137776 6.000000 6719.865401 
-40330.790889 3394.889279 6.000000 6721.798482 
-40334.647430 3398.568637 6.000000 6722.441238 
-40319.509223 3412.569138 6.000000 6719.918204 
-40329.331976 3369.674850 6.000000 6721.555329 
-40307.168963 3415.842685 6.000000 6717.861494 
-40331.333812 3431.574649 6.000000 6721.888969 
-40324.690171 3432.765030 6.000000 6720.781695 
-40338.994858 3415.937375 6.000000 6723.165810 
-40336.617272 3398.730962 6.000000 6722.769545 
-40347.072189 3361.734469 6.000000 6724.512031 
-40333.093596 3371.812124 6.000000 6722.182266 
-40321.177864 3426.731964 6.000000 6720.196311 
-40325.527500 3420.658317 6.000000 6720.921250 
-40328.984147 3371.933868 6.000000 6721.497358 
-40332.056963 3387.517034 6.000000 6722.009494 
-40336.515790 3374.720441 6.000000 6722.752632 
-40332.905561 3428.368737 6.000000 6722.150927 
-40318.831395 3397.026553 6.000000 6719.805233 
-40330.400621 3406.698397 6.000000 6721.733437 
-40335.243706 3391.602204 6.000000 6722.540618 
-40328.743160 3406.211423 6.000000 6721.457193 
-40345.339774 3398.758016 6.000000 6724.223296 
-40333.689925 3406.292585 6.000000 6722.281654 
-40340.328057 3379.238477 6.000000 6723.388010 
-40334.602693 3359.353707 6.000000 6722.433782 
-40332.552285 3354.267535 6.000000 6722.092047 
-40334.798749 3407.537074 6.000000 6722.466458 
-40325.354546 3403.073146 6.000000 6720.892424 
-40326.827010 3364.588677 6.000000 6721.137835 
-40337.638886 3399.529058 6.000000 6722.939814 
-40340.055164 3399.447896 6.000000 6723.342527 
-40334.083722 3419.873747 6.000000 6722.347287 
-40326.945425 3406.820140 6.000000 6721.157571 
-40326.810319 3401.463427 6.000000 6721.135053 
-40341.541583 3364.169339 6.000000 6723.590264 
-40340.978003 3355.214429 6.000000 6723.496334 
-40330.482755 3366.955912 6.000000 6721.747126 
-40324.028804 3402.302104 6.000000 6720.671467 
-40339.288481 3408.592184 6.000000 6723.214747 
-40340.589846 3388.058116 6.000000 6723.431641 
-40302.107068 3458.723447 6.000000 6717.017845 
-40327.836414 3432.115731 6.000000 6721.306069 
-40321.577476 3396.336673 6.000000 6720.262913 
-40315.697505 3423.661323 6.000000 6719.282917 
-40322.463535 3423.769539 6.000000 6720.410589 
-40326.519370 3422.213928 6.000000 6721.086562 
-40315.001926 3440.164329 6.000000 6719.166988 
-40337.577519 3366.861222 6.000000 6722.929586 
-40341.985137 3375.058617 6.000000 6723.664190 
-40333.194818 3343.324148 6.000000 6722.199136 
-40330.807485 3404.845190 6.000000 6721.801248 
-40331.004519 3374.382265 6.000000 6721.834086 
-40334.929881 3371.798597 6.000000 6722.488313 
-40326.115269 3397.364729 6.000000 6721.019212 
-40318.816917 3403.749499 6.000000 6719.802819 
-40337.831281 3394.659319 6.000000 6722.971880 
-40339.795596 3376.181363 6.000000 6723.299266 
-40343.119525 3414.868737 6.000000 6723.853254 
-40319.642250 3424.892285 6.000000 6719.940375 
-40330.420381 3408.294589 6.000000 6721.736730 
-40337.356751 3399.867234 6.000000 6722.892792 
-40311.258243 3473.576152 6.000000 6718.543041 
-40339.493517 3386.069639 6.000000 6723.248920 
-40327.929534 3421.618737 6.000000 6721.321589 
-40332.701580 3389.383768 6.000000 6722.116930 
-40299.086376 3455.990982 6.000000 6716.514396 
-40348.543349 3326.996994 6.000000 6724.757225 
-40334.057151 3386.854208 6.000000 6722.342858 
-40343.802662 3315.066132 6.000000 6723.967110 
-40327.117643 3420.320140 6.000000 6721.186274 
-40339.129265 3358.704409 6.000000 6723.188211 
-40332.113120 3392.522044 6.000000 6722.018853 
-40340.929994 3386.083166 6.000000 6723.488332 
-40335.638629 3414.084168 6.000000 6722.606438 
-40322.217612 3438.311122 6.000000 6720.369602 
-40330.741496 3364.182866 6.000000 6721.790249 
-40332.744273 3395.457415 6.000000 6722.124046 
-40335.923478 3385.609719 6.000000 6722.653913 
-40318.106241 3466.379760 6.000000 6719.684374 
-40334.264455 3396.444890 6.000000 6722.377409 
-40337.689699 3404.588176 6.000000 6722.948283 
-40324.040503 3447.834168 6.000000 6720.673417 
-40344.081780 3374.666333 6.000000 6724.013630 
-40337.555108 3357.906313 6.000000 6722.925851 
-40332.963815 3418.791583 6.000000 6722.160636 
-40309.996571 3410.215431 6.000000 6718.332762 
-40343.951237 3352.793086 6.000000 6723.991873 
-40340.655184 3378.048096 6.000000 6723.442531 
-40319.986209 3436.444389 6.000000 6719.997702 
-40340.202242 3357.040581 6.000000 6723.367040 
-40324.928880 3424.892285 6.000000 6720.821480 
-40335.103671 3434.888778 6.000000 6722.517279 
-40338.923562 3384.784569 6.000000 6723.153927 
-40334.479074 3439.258016 6.000000 6722.413179 
-40336.823364 3400.164830 6.000000 6722.803894 
-40338.184368 3417.141283 6.000000 6723.030728 
-40337.991684 3376.627756 6.000000 6722.998614 
-40344.989578 3380.401804 6.000000 6724.164930 
-40323.656354 3405.318637 6.000000 6720.609392 
-40332.350638 3427.503006 6.000000 6722.058440 
-40343.706832 3381.997996 6.000000 6723.951139 
-40324.615320 3377.425852 6.000000 6720.769220 
-40329.761855 3379.617234 6.000000 6721.626976 
-40312.179793 3459.643287 6.000000 6718.696632 
-40338.341393 3384.148798 6.000000 6723.056899 
-40342.881484 3360.706413 6.000000 6723.813581 
-40335.469638 3400.056613 6.000000 6722.578273 
-40332.216138 3398.041082 6.000000 6722.036023 
-40316.620151 3396.052605 6.000000 6719.436692 
-40312.944006 3468.571142 6.000000 6718.824001 
-40344.435696 3367.442886 6.000000 6724.072616 
-40314.615360 3436.674349 6.000000 6719.102560 
-40334.325219 3382.728457 6.000000 6722.387536 
-40316.408780 3426.015030 6.000000 6719.401463 
-40334.112168 3410.472445 6.000000 6722.352028 
-40337.422898 3386.204910 6.000000 6722.903816 
-40337.077423 3399.556112 6.000000 6722.846237 
-40322.609144 3442.017535 6.000000 6720.434857 
-40313.779218 3434.712926 6.000000 6718.963203 
-40325.547977 3465.311122 6.000000 6720.924663 
-40321.565648 3420.753006 6.000000 6720.260941 
-40322.124205 3411.189379 6.000000 6720.354034 
-40341.390405 3355.349699 6.000000 6723.565067 
-40330.926603 3381.456914 6.000000 6721.821100 
-40342.212625 3377.371743 6.000000 6723.702104 
-40338.447030 3424.919339 6.000000 6723.074505 
-40335.544364 3379.982465 6.000000 6722.590727 
-40345.941510 3386.177856 6.000000 6724.323585 
-40344.334566 3395.011022 6.000000 6724.055761 
-40338.290418 3388.233968 6.000000 6723.048403 
-40327.485315 3414.422345 6.000000 6721.247552 
-40338.733551 3360.489980 6.000000 6723.122258 
-40342.682103 3432.061623 6.000000 6723.780351 
-40321.564075 3422.700902 6.000000 6720.260679 
-40337.856865 3389.302605 6.000000 6722.976144 
-40327.719435 3407.293587 6.000000 6721.286572 
-40339.033233 3364.223447 6.000000 6723.172206 
-40343.634067 3402.464429 6.000000 6723.939011 
-40337.780831 3401.260521 6.000000 6722.963472 
-40340.892279 3385.460922 6.000000 6723.482047 
-40338.611970 3397.283567 6.000000 6723.101995 
-40318.769840 3443.275551 6.000000 6719.794973 
-40332.454419 3396.377255 6.000000 6722.075736 
-40321.850199 3426.407315 6.000000 6720.308366 
-40315.256942 3414.990481 6.000000 6719.209490 
-40337.691894 3404.601703 6.000000 6722.948649 
-40334.627680 3365.224449 6.000000 6722.437947 
-40321.275627 3438.946894 6.000000 6720.212604 
-40322.815926 3414.530561 6.000000 6720.469321 
-40349.734192 3389.816633 6.000000 6724.955699 
-40346.529791 3361.747996 6.000000 6724.421632 
-40343.686731 3373.895291 6.000000 6723.947788 
-40335.058426 3394.848697 6.000000 6722.509738 
-40341.914499 3381.308116 6.000000 6723.652416 
-40336.792171 3342.742485 6.000000 6722.798695 
-40340.790792 3391.385772 6.000000 6723.465132 
-40325.693279 3378.102204 6.000000 6720.948880 
-40340.743963 3399.664329 6.000000 6723.457327 
-40343.015474 3345.718437 6.000000 6723.835912 
-40315.640888 3411.067635 6.000000 6719.273481 
-40335.897171 3404.263527 6.000000 6722.649528 
-40329.796869 3421.956914 6.000000 6721.632811 
-40334.953855 3415.382766 6.000000 6722.492309 
-40344.461648 3402.951403 6.000000 6724.076941 
-40323.517817 3385.203908 6.000000 6720.586303 
-40328.673687 3361.531563 6.000000 6721.445615 
-40339.596316 3448.375251 6.000000 6723.266053 
-40352.586006 3349.032565 6.000000 6725.431001 
-40327.188258 3396.066132 6.000000 6721.198043 
-40342.311830 3338.562625 6.000000 6723.718638 
-40327.197268 3389.005010 6.000000 6721.199545 
-40338.185096 3382.390281 6.000000 6723.030849 
-40317.753176 3395.186874 6.000000 6719.625529 
-40331.582312 3375.139780 6.000000 6721.930385 
-40334.732949 3399.258517 6.000000 6722.455492 
-40329.339795 3413.502505 6.000000 6721.556632 
-40320.655222 3409.782565 6.000000 6720.109204 
-40348.886589 3364.493988 6.000000 6724.814432 
-40346.261678 3357.311122 6.000000 6724.376946 
-40320.990562 3413.840681 6.000000 6720.165094 
-40332.939467 3411.297595 6.000000 6722.156578 
-40343.518001 3357.743988 6.000000 6723.919667 
-40343.527895 3375.045090 6.000000 6723.921316 
-40322.417276 3393.441884 6.000000 6720.402879 
-40329.189971 3393.022545 6.000000 6721.531662 
-40337.465598 3383.797094 6.000000 6722.910933 
-40343.301681 3326.104208 6.000000 6723.883614 
-40343.965885 3340.307615 6.000000 6723.994314 
-40331.394147 3402.599699 6.000000 6721.899024 
-40345.656041 3356.837675 6.000000 6724.276007 
-40343.597537 3388.328657 6.000000 6723.932923 
-40328.550041 3408.281062 6.000000 6721.425007 
-40328.520968 3392.319138 6.000000 6721.420161 
-40341.550786 3345.542585 6.000000 6723.591798 
-40331.986769 3411.162325 6.000000 6721.997795 
-40338.648296 3443.870741 6.000000 6723.108049 
-40322.531884 3484.722445 6.000000 6720.421981 
-40344.275468 3385.785571 6.000000 6724.045911 
-40341.088103 3443.559619 6.000000 6723.514684 
-40314.592460 3447.103707 6.000000 6719.098743 
-40333.357521 3379.955411 6.000000 6722.226254 
-40331.136483 3390.425351 6.000000 6721.856080 
-40332.015138 3408.294589 6.000000 6722.002523 
-40326.366763 3379.211423 6.000000 6721.061127 
-40314.144977 3421.456413 6.000000 6719.024163 
-40339.481892 3354.713928 6.000000 6723.246982 
-40341.328868 3372.217936 6.000000 6723.554811 
-40322.605667 3418.358717 6.000000 6720.434278 
-40337.221351 3402.166834 6.000000 6722.870225 
-40323.884883 3387.733467 6.000000 6720.647480 
-40339.133106 3387.111222 6.000000 6723.188851 
-40340.774286 3444.046593 6.000000 6723.462381 
-40334.645292 3399.096192 6.000000 6722.440882 
-40330.944904 3391.561623 6.000000 6721.824151 
-40327.965630 3385.839679 6.000000 6721.327605 
-40341.193933 3397.716433 6.000000 6723.532322 
-40343.333030 3445.061122 6.000000 6723.888838 
-40333.534722 3410.580661 6.000000 6722.255787 
-40322.487625 3413.935371 6.000000 6720.414604 
-40337.475230 3342.864228 6.000000 6722.912538 
-40351.418666 3355.498497 6.000000 6725.236444 
-40325.248328 3407.848196 6.000000 6720.874721 
-40347.019317 3344.730962 6.000000 6724.503219 
-40335.612576 3431.520541 6.000000 6722.602096 
-40314.934322 3408.105210 6.000000 6719.155720 
-40327.285422 3414.855210 6.000000 6721.214237 
-40332.972658 3423.864228 6.000000 6722.162110 
-40328.638767 3369.498998 6.000000 6721.439795 
-40322.931347 3382.566132 6.000000 6720.488558 
-40330.294789 3387.232966 6.000000 6721.715798 
-40329.367016 3393.090180 6.000000 6721.561169 
-40323.523055 3373.394790 6.000000 6720.587176 
-40339.213667 3372.136774 6.000000 6723.202278 
-40339.694401 3355.579659 6.000000 6723.282400 
-40344.221737 3341.538577 6.000000 6724.036956 
-40332.604573 3389.234970 6.000000 6722.100762 
-40327.907894 3375.762024 6.000000 6721.317982 
-40311.048297 3412.217435 6.000000 6718.508050 
-40335.004949 3408.199900 6.000000 6722.500825 
-40340.270533 3363.722946 6.000000 6723.378422 
-40337.392777 3382.701403 6.000000 6722.898796 
-40332.858874 3391.602204 6.000000 6722.143146 
-40333.862399 3391.723948 6.000000 6722.310400 
-40323.554530 3409.349699 6.000000 6720.592422 
-40350.717031 3399.150301 6.000000 6725.119505 
-40338.121250 3356.188377 6.000000 6723.020208 
-40317.725376 3425.866232 6.000000 6719.620896 
-40330.385181 3361.842685 6.000000 6721.730864 
-40334.167473 3389.032064 6.000000 6722.361245 
-40335.215685 3426.813126 6.000000 6722.535948 
-40345.901701 3366.847695 6.000000 6724.316950 
-40336.294363 3372.028557 6.000000 6722.715727 
-40334.578664 3443.803106 6.000000 6722.429777 
-40339.113421 3338.846693 6.000000 6723.185570 
-40317.419904 3417.885271 6.000000 6719.569984 
-40336.149919 3357.243487 6.000000 6722.691653 
-40331.186139 3387.909319 6.000000 6721.864356 
-40336.804381 3376.248998 6.000000 6722.800730 
-40336.445849 3440.313126 6.000000 6722.740975 
-40329.819453 3376.546593 6.000000 6721.636576 
-40347.920798 3381.010521 6.000000 6724.653466 
-40342.268414 3373.638277 6.000000 6723.711402 
-40332.352336 3387.503507 6.000000 6722.058723 
-40324.134034 3428.436373 6.000000 6720.689006 
-40329.880500 3427.340681 6.000000 6721.646750 
-40332.111657 3452.893287 6.000000 6722.018609 
-40335.634467 3423.553106 6.000000 6722.605745 
-40333.410586 3423.891283 6.000000 6722.235098 
-40343.345534 3373.178357 6.000000 6723.890922 
-40328.203613 3424.486473 6.000000 6721.367269 
-40317.460961 3420.888277 6.000000 6719.576827 
-40331.136512 3415.328657 6.000000 6721.856085 
-40307.864471 3426.867234 6.000000 6717.977412 
-40310.321655 3442.829158 6.000000 6718.386942 
-40330.987287 3405.129259 6.000000 6721.831215 
-40339.000729 3370.919339 6.000000 6723.166788 
-40345.657850 3354.659820 6.000000 6724.276308 
-40315.770191 3434.618236 6.000000 6719.295032 
-40330.126594 3423.607214 6.000000 6721.687766 
-40341.527739 3355.566132 6.000000 6723.587956 
-40330.820039 3418.209920 6.000000 6721.803340 
-40345.321340 3329.715932 6.000000 6724.220223 
-40324.500561 3400.814128 6.000000 6720.750094 
-40335.742275 3453.948397 6.000000 6722.623713 
-40336.322282 3431.682866 6.000000 6722.720380 
-40332.008165 3369.580160 6.000000 6722.001361 
-40332.462283 3396.742485 6.000000 6722.077047 
-40333.753979 3455.382265 6.000000 6722.292330 
-40326.065808 3401.517535 6.000000 6721.010968 
-40340.238441 3406.103206 6.000000 6723.373073 
-40334.001819 3343.121242 6.000000 6722.333636 
-40343.621959 3353.496493 6.000000 6723.936993 
-40340.624789 3356.837675 6.000000 6723.437465 
-40348.012973 3360.706413 6.000000 6724.668829 
-40337.929243 3436.322645 6.000000 6722.988207 
-40325.389185 3443.681363 6.000000 6720.898197 
-40328.855965 3374.571643 6.000000 6721.475994 
-40336.804453 3377.074148 6.000000 6722.800742 
-40330.505795 3386.948898 6.000000 6721.750966 
-40327.874144 3398.501002 6.000000 6721.312357 
-40336.219531 3382.227956 6.000000 6722.703255 
-40330.295515 3403.952405 6.000000 6721.715919 
-40351.026260 3395.646794 6.000000 6725.171043 
-40342.669110 3363.560621 6.000000 6723.778185 
-40335.821695 3387.178858 6.000000 6722.636949 
-40334.644471 3399.285571 6.000000 6722.440745 
-40319.669724 3419.738477 6.000000 6719.944954 
-40319.811119 3431.331162 6.000000 6719.968520 
-40343.023097 3420.495992 6.000000 6723.837183 
-40330.237949 3413.745992 6.000000 6721.706325 
-40325.192384 3389.938377 6.000000 6720.865397 
-40329.867425 3417.371242 6.000000 6721.644571 
-40335.749933 3436.944890 6.000000 6722.624989 
-40346.760246 3395.755010 6.000000 6724.460041 
-40335.946397 3386.989479 6.000000 6722.657733 
-40332.298333 3377.723447 6.000000 6722.049722 
-40335.445818 3369.918337 6.000000 6722.574303 
-40326.460436 3491.039579 6.000000 6721.076739 
-40328.746086 3370.540581 6.000000 6721.457681 
-40335.601626 3403.884770 6.000000 6722.600271 
-40334.129791 3426.447896 6.000000 6722.354965 
-40336.912558 3351.981463 6.000000 6722.818760 
-40324.428911 3413.583667 6.000000 6720.738152 
